n1 1
n2 1
n3 1
n4 2
n5 3
x(0, 0, 0, 0, 0, 0) 1
x(0, 0, 0, 0, 0, 1) 1
x(0, 0, 0, 0, 0, 2) 1
x(0, 0, 0, 0, 0, 3) 1
x(0, 0, 0, 0, 1, 0) 1
x(0, 0, 0, 0, 1, 1) 1
x(0, 0, 0, 0, 1, 2) 1
x(0, 0, 0, 0, 2, 0) 1
x(0, 0, 0, 0, 2, 1) 1
x(0, 0, 0, 0, 3, 0) 1
x(0, 0, 0, 0, 3, 1) 1
x(0, 0, 0, 0, 4, 0) 1
x(0, 0, 0, 0, 5, 0) 1
x(0, 0, 0, 1, 0, 0) 1
x(0, 0, 0, 1, 0, 1) 1
x(0, 0, 0, 1, 0, 2) 1
x(0, 0, 0, 1, 1, 0) 1
x(0, 0, 0, 1, 1, 1) 1
x(0, 0, 0, 1, 2, 0) 1
x(0, 0, 0, 1, 2, 1) 1
x(0, 0, 0, 1, 3, 0) 1
x(0, 0, 0, 1, 4, 0) 1
x(0, 0, 0, 2, 0, 0) 1
x(0, 0, 0, 2, 0, 1) 1
x(0, 0, 0, 2, 1, 0) 1
x(0, 0, 0, 2, 2, 0) 1
x(0, 0, 0, 3, 0, 0) 1
x(0, 0, 0, 3, 1, 0) 1
x(0, 0, 0, 4, 0, 0) 1
x(0, 0, 1, 0, 0, 0) 1
x(0, 0, 1, 0, 0, 1) 1
x(0, 0, 1, 0, 0, 2) 1
x(0, 0, 1, 0, 1, 0) 1
x(0, 0, 1, 0, 1, 1) 1
x(0, 0, 1, 0, 2, 0) 1
x(0, 0, 1, 0, 2, 1) 1
x(0, 0, 1, 0, 3, 0) 1
x(0, 0, 1, 0, 4, 0) 1
x(0, 0, 1, 1, 0, 0) 1
x(0, 0, 1, 1, 0, 1) 1
x(0, 0, 1, 1, 1, 0) 1
x(0, 0, 1, 1, 1, 1) 1
x(0, 0, 1, 1, 2, 0) 1
x(0, 0, 1, 1, 3, 0) 1
x(0, 0, 1, 2, 0, 0) 1
x(0, 0, 1, 2, 0, 1) 1
x(0, 0, 1, 2, 1, 0) 1
x(0, 0, 1, 3, 0, 0) 1
x(0, 0, 2, 0, 0, 0) 1
x(0, 0, 2, 0, 0, 1) 1
x(0, 0, 2, 0, 0, 2) 1
x(0, 0, 2, 0, 1, 0) 1
x(0, 0, 2, 0, 1, 1) 1
x(0, 0, 2, 0, 2, 0) 1
x(0, 0, 2, 0, 3, 0) 1
x(0, 0, 2, 1, 0, 0) 1
x(0, 0, 2, 1, 0, 1) 1
x(0, 0, 2, 1, 1, 0) 1
x(0, 0, 2, 1, 2, 0) 1
x(0, 0, 2, 2, 0, 0) 1
x(0, 0, 3, 0, 0, 0) 1
x(0, 0, 3, 0, 0, 1) 1
x(0, 0, 3, 0, 1, 0) 1
x(0, 0, 3, 0, 2, 0) 1
x(0, 0, 3, 1, 0, 0) 1
x(0, 0, 3, 1, 1, 0) 1
x(0, 0, 3, 2, 0, 0) 1
x(0, 0, 4, 0, 0, 0) 1
x(0, 0, 4, 0, 0, 1) 1
x(0, 0, 4, 0, 1, 0) 1
x(0, 0, 4, 1, 0, 0) 1
x(0, 0, 5, 0, 0, 0) 1
x(0, 1, 0, 0, 0, 0) 1
x(0, 1, 0, 0, 0, 1) 1
x(0, 1, 0, 0, 0, 2) 1
x(0, 1, 0, 0, 1, 0) 1
x(0, 1, 0, 0, 1, 1) 1
x(0, 1, 0, 0, 2, 0) 1
x(0, 1, 0, 0, 2, 1) 1
x(0, 1, 0, 0, 3, 0) 1
x(0, 1, 0, 0, 4, 0) 1
x(0, 1, 0, 1, 0, 0) 1
x(0, 1, 0, 1, 0, 1) 1
x(0, 1, 0, 1, 1, 0) 1
x(0, 1, 0, 1, 1, 1) 1
x(0, 1, 0, 1, 2, 0) 1
x(0, 1, 0, 2, 0, 0) 1
x(0, 1, 0, 2, 1, 0) 1
x(0, 1, 0, 3, 0, 0) 1
x(0, 1, 1, 0, 0, 0) 1
x(0, 1, 1, 0, 0, 1) 1
x(0, 1, 1, 0, 1, 0) 1
x(0, 1, 1, 0, 1, 1) 1
x(0, 1, 1, 0, 2, 0) 1
x(0, 1, 1, 0, 3, 0) 1
x(0, 1, 1, 1, 0, 0) 1
x(0, 1, 1, 1, 0, 1) 1
x(0, 1, 1, 1, 1, 0) 1
x(0, 1, 1, 2, 0, 0) 1
x(0, 1, 2, 0, 0, 0) 1
x(0, 1, 2, 0, 0, 1) 1
x(0, 1, 2, 0, 1, 0) 1
x(0, 1, 2, 0, 2, 0) 1
x(0, 1, 2, 1, 0, 0) 1
x(0, 1, 2, 1, 1, 0) 1
x(0, 1, 3, 0, 0, 0) 1
x(0, 1, 3, 0, 1, 0) 1
x(0, 1, 3, 1, 0, 0) 1
x(0, 1, 4, 0, 0, 0) 1
x(0, 2, 0, 0, 0, 0) 1
x(0, 2, 0, 0, 0, 1) 1
x(0, 2, 0, 0, 1, 0) 1
x(0, 2, 0, 0, 1, 1) 1
x(0, 2, 0, 0, 2, 0) 1
x(0, 2, 0, 0, 3, 0) 1
x(0, 2, 0, 1, 0, 0) 1
x(0, 2, 0, 1, 0, 1) 1
x(0, 2, 0, 1, 1, 0) 1
x(0, 2, 0, 2, 0, 0) 1
x(0, 2, 1, 0, 0, 0) 1
x(0, 2, 1, 0, 0, 1) 1
x(0, 2, 1, 0, 1, 0) 1
x(0, 2, 1, 0, 2, 0) 1
x(0, 2, 1, 1, 0, 0) 1
x(0, 2, 2, 0, 0, 0) 1
x(0, 2, 2, 0, 1, 0) 1
x(0, 2, 3, 0, 0, 0) 1
x(0, 3, 0, 0, 0, 0) 1
x(0, 3, 0, 0, 0, 1) 1
x(0, 3, 0, 0, 1, 0) 1
x(0, 3, 0, 1, 0, 0) 1
x(0, 3, 1, 0, 0, 0) 1
x(0, 3, 1, 0, 1, 0) 1
x(0, 3, 2, 0, 0, 0) 1
x(0, 4, 0, 0, 0, 0) 1
x(1, 0, 0, 0, 0, 0) 1
x(1, 0, 0, 0, 0, 1) 1
x(1, 0, 0, 0, 1, 0) 1
x(1, 0, 0, 0, 2, 0) 1
x(1, 0, 0, 1, 0, 0) 1
x(1, 0, 0, 1, 1, 0) 1
x(1, 0, 0, 2, 0, 0) 1
x(1, 0, 1, 0, 0, 0) 1
x(1, 0, 1, 0, 0, 1) 1
x(1, 0, 1, 0, 1, 0) 1
x(1, 0, 1, 1, 0, 0) 1
x(1, 0, 2, 0, 0, 0) 1
x(1, 0, 3, 0, 0, 0) 1
x(1, 1, 0, 0, 0, 0) 1
x(1, 1, 0, 0, 1, 0) 1
x(1, 1, 0, 1, 0, 0) 1
x(1, 1, 1, 0, 0, 0) 1
x(1, 2, 0, 0, 0, 0) 1
x(2, 0, 0, 0, 0, 0) 1
s[0] 0.479387
s[1] 0.208425
s[2] 0.1667
s[3] 0.24995
s[4] 0.187512
s[5] 0.3332
y(0, 0, 0, 0, 0, 3) 0.75
y(0, 0, 0, 1, 4, 0) 0.5
y(0, 0, 4, 0, 0, 1) 0.25
y(0, 2, 0, 1, 0, 1) 0.5
Obj: 0