n1 1
n2 2
n3 1
n6 2
x(0, 0, 0, 0, 0, 0, 0) 1
x(0, 0, 0, 0, 0, 0, 1) 1
x(0, 0, 0, 0, 0, 0, 2) 1
x(0, 0, 0, 0, 0, 0, 3) 1
x(0, 0, 0, 0, 0, 0, 4) 1
x(0, 0, 0, 0, 0, 0, 5) 1
x(0, 0, 0, 0, 0, 0, 6) 1
x(0, 0, 0, 0, 0, 1, 0) 1
x(0, 0, 0, 0, 0, 1, 1) 1
x(0, 0, 0, 0, 0, 1, 2) 1
x(0, 0, 0, 0, 0, 1, 3) 1
x(0, 0, 0, 0, 0, 1, 4) 1
x(0, 0, 0, 0, 0, 2, 0) 1
x(0, 0, 0, 0, 0, 2, 1) 1
x(0, 0, 0, 0, 0, 2, 2) 1
x(0, 0, 0, 0, 0, 2, 3) 1
x(0, 0, 0, 0, 0, 3, 0) 1
x(0, 0, 0, 0, 0, 3, 1) 1
x(0, 0, 0, 0, 0, 3, 2) 1
x(0, 0, 0, 0, 0, 4, 0) 1
x(0, 0, 0, 0, 0, 4, 1) 1
x(0, 0, 0, 0, 1, 0, 0) 1
x(0, 0, 0, 0, 1, 0, 1) 1
x(0, 0, 0, 0, 1, 0, 2) 1
x(0, 0, 0, 0, 1, 0, 3) 1
x(0, 0, 0, 0, 1, 0, 4) 1
x(0, 0, 0, 0, 1, 1, 0) 1
x(0, 0, 0, 0, 1, 1, 1) 1
x(0, 0, 0, 0, 1, 1, 2) 1
x(0, 0, 0, 0, 1, 1, 3) 1
x(0, 0, 0, 0, 1, 2, 0) 1
x(0, 0, 0, 0, 1, 2, 1) 1
x(0, 0, 0, 0, 1, 2, 2) 1
x(0, 0, 0, 0, 1, 3, 0) 1
x(0, 0, 0, 0, 1, 3, 1) 1
x(0, 0, 0, 0, 2, 0, 0) 1
x(0, 0, 0, 0, 2, 0, 1) 1
x(0, 0, 0, 0, 2, 0, 2) 1
x(0, 0, 0, 0, 2, 0, 3) 1
x(0, 0, 0, 0, 2, 1, 0) 1
x(0, 0, 0, 0, 2, 1, 1) 1
x(0, 0, 0, 0, 2, 1, 2) 1
x(0, 0, 0, 0, 2, 2, 0) 1
x(0, 0, 0, 0, 2, 2, 1) 1
x(0, 0, 0, 0, 3, 0, 0) 1
x(0, 0, 0, 0, 3, 0, 1) 1
x(0, 0, 0, 0, 3, 0, 2) 1
x(0, 0, 0, 0, 3, 1, 0) 1
x(0, 0, 0, 0, 3, 1, 1) 1
x(0, 0, 0, 0, 4, 0, 0) 1
x(0, 0, 0, 0, 4, 0, 1) 1
x(0, 0, 0, 1, 0, 0, 0) 1
x(0, 0, 0, 1, 0, 0, 1) 1
x(0, 0, 0, 1, 0, 0, 2) 1
x(0, 0, 0, 1, 0, 0, 3) 1
x(0, 0, 0, 1, 0, 0, 4) 1
x(0, 0, 0, 1, 0, 0, 5) 1
x(0, 0, 0, 1, 0, 1, 0) 1
x(0, 0, 0, 1, 0, 1, 1) 1
x(0, 0, 0, 1, 0, 1, 2) 1
x(0, 0, 0, 1, 0, 1, 3) 1
x(0, 0, 0, 1, 0, 2, 0) 1
x(0, 0, 0, 1, 0, 2, 1) 1
x(0, 0, 0, 1, 0, 2, 2) 1
x(0, 0, 0, 1, 0, 3, 0) 1
x(0, 0, 0, 1, 0, 3, 1) 1
x(0, 0, 0, 1, 0, 4, 0) 1
x(0, 0, 0, 1, 1, 0, 0) 1
x(0, 0, 0, 1, 1, 0, 1) 1
x(0, 0, 0, 1, 1, 0, 2) 1
x(0, 0, 0, 1, 1, 0, 3) 1
x(0, 0, 0, 1, 1, 1, 0) 1
x(0, 0, 0, 1, 1, 1, 1) 1
x(0, 0, 0, 1, 1, 1, 2) 1
x(0, 0, 0, 1, 1, 2, 0) 1
x(0, 0, 0, 1, 1, 2, 1) 1
x(0, 0, 0, 1, 1, 3, 0) 1
x(0, 0, 0, 1, 2, 0, 0) 1
x(0, 0, 0, 1, 2, 0, 1) 1
x(0, 0, 0, 1, 2, 0, 2) 1
x(0, 0, 0, 1, 2, 1, 0) 1
x(0, 0, 0, 1, 2, 1, 1) 1
x(0, 0, 0, 1, 2, 2, 0) 1
x(0, 0, 0, 1, 3, 0, 0) 1
x(0, 0, 0, 1, 3, 0, 1) 1
x(0, 0, 0, 1, 3, 1, 0) 1
x(0, 0, 0, 1, 4, 0, 0) 1
x(0, 0, 0, 2, 0, 0, 0) 1
x(0, 0, 0, 2, 0, 0, 1) 1
x(0, 0, 0, 2, 0, 0, 2) 1
x(0, 0, 0, 2, 0, 0, 3) 1
x(0, 0, 0, 2, 0, 0, 4) 1
x(0, 0, 0, 2, 0, 1, 0) 1
x(0, 0, 0, 2, 0, 1, 1) 1
x(0, 0, 0, 2, 0, 1, 2) 1
x(0, 0, 0, 2, 0, 2, 0) 1
x(0, 0, 0, 2, 0, 2, 1) 1
x(0, 0, 0, 2, 0, 3, 0) 1
x(0, 0, 0, 2, 1, 0, 0) 1
x(0, 0, 0, 2, 1, 0, 1) 1
x(0, 0, 0, 2, 1, 0, 2) 1
x(0, 0, 0, 2, 1, 1, 0) 1
x(0, 0, 0, 2, 1, 1, 1) 1
x(0, 0, 0, 2, 1, 2, 0) 1
x(0, 0, 0, 2, 2, 0, 0) 1
x(0, 0, 0, 2, 2, 0, 1) 1
x(0, 0, 0, 2, 2, 1, 0) 1
x(0, 0, 0, 2, 3, 0, 0) 1
x(0, 0, 0, 3, 0, 0, 0) 1
x(0, 0, 0, 3, 0, 0, 1) 1
x(0, 0, 0, 3, 0, 0, 2) 1
x(0, 0, 0, 3, 0, 0, 3) 1
x(0, 0, 0, 3, 0, 1, 0) 1
x(0, 0, 0, 3, 0, 1, 1) 1
x(0, 0, 0, 3, 0, 2, 0) 1
x(0, 0, 0, 3, 1, 0, 0) 1
x(0, 0, 0, 3, 1, 0, 1) 1
x(0, 0, 0, 3, 1, 1, 0) 1
x(0, 0, 0, 3, 2, 0, 0) 1
x(0, 0, 0, 4, 0, 0, 0) 1
x(0, 0, 0, 4, 0, 0, 1) 1
x(0, 0, 0, 4, 0, 0, 2) 1
x(0, 0, 0, 4, 0, 1, 0) 1
x(0, 0, 0, 4, 1, 0, 0) 1
x(0, 0, 0, 5, 0, 0, 0) 1
x(0, 0, 0, 5, 0, 0, 1) 1
x(0, 0, 0, 6, 0, 0, 0) 1
x(0, 0, 1, 0, 0, 0, 0) 1
x(0, 0, 1, 0, 0, 0, 1) 1
x(0, 0, 1, 0, 0, 0, 2) 1
x(0, 0, 1, 0, 0, 0, 3) 1
x(0, 0, 1, 0, 0, 0, 4) 1
x(0, 0, 1, 0, 0, 0, 5) 1
x(0, 0, 1, 0, 0, 1, 0) 1
x(0, 0, 1, 0, 0, 1, 1) 1
x(0, 0, 1, 0, 0, 1, 2) 1
x(0, 0, 1, 0, 0, 1, 3) 1
x(0, 0, 1, 0, 0, 2, 0) 1
x(0, 0, 1, 0, 0, 2, 1) 1
x(0, 0, 1, 0, 0, 2, 2) 1
x(0, 0, 1, 0, 0, 3, 0) 1
x(0, 0, 1, 0, 0, 3, 1) 1
x(0, 0, 1, 0, 0, 4, 0) 1
x(0, 0, 1, 0, 1, 0, 0) 1
x(0, 0, 1, 0, 1, 0, 1) 1
x(0, 0, 1, 0, 1, 0, 2) 1
x(0, 0, 1, 0, 1, 0, 3) 1
x(0, 0, 1, 0, 1, 1, 0) 1
x(0, 0, 1, 0, 1, 1, 1) 1
x(0, 0, 1, 0, 1, 1, 2) 1
x(0, 0, 1, 0, 1, 2, 0) 1
x(0, 0, 1, 0, 1, 2, 1) 1
x(0, 0, 1, 0, 1, 3, 0) 1
x(0, 0, 1, 0, 2, 0, 0) 1
x(0, 0, 1, 0, 2, 0, 1) 1
x(0, 0, 1, 0, 2, 0, 2) 1
x(0, 0, 1, 0, 2, 1, 0) 1
x(0, 0, 1, 0, 2, 1, 1) 1
x(0, 0, 1, 0, 2, 2, 0) 1
x(0, 0, 1, 0, 3, 0, 0) 1
x(0, 0, 1, 0, 3, 0, 1) 1
x(0, 0, 1, 0, 3, 1, 0) 1
x(0, 0, 1, 0, 4, 0, 0) 1
x(0, 0, 1, 1, 0, 0, 0) 1
x(0, 0, 1, 1, 0, 0, 1) 1
x(0, 0, 1, 1, 0, 0, 2) 1
x(0, 0, 1, 1, 0, 0, 3) 1
x(0, 0, 1, 1, 0, 0, 4) 1
x(0, 0, 1, 1, 0, 1, 0) 1
x(0, 0, 1, 1, 0, 1, 1) 1
x(0, 0, 1, 1, 0, 1, 2) 1
x(0, 0, 1, 1, 0, 2, 0) 1
x(0, 0, 1, 1, 0, 2, 1) 1
x(0, 0, 1, 1, 0, 3, 0) 1
x(0, 0, 1, 1, 1, 0, 0) 1
x(0, 0, 1, 1, 1, 0, 1) 1
x(0, 0, 1, 1, 1, 0, 2) 1
x(0, 0, 1, 1, 1, 1, 0) 1
x(0, 0, 1, 1, 1, 1, 1) 1
x(0, 0, 1, 1, 1, 2, 0) 1
x(0, 0, 1, 1, 2, 0, 0) 1
x(0, 0, 1, 1, 2, 0, 1) 1
x(0, 0, 1, 1, 2, 1, 0) 1
x(0, 0, 1, 1, 3, 0, 0) 1
x(0, 0, 1, 2, 0, 0, 0) 1
x(0, 0, 1, 2, 0, 0, 1) 1
x(0, 0, 1, 2, 0, 0, 2) 1
x(0, 0, 1, 2, 0, 0, 3) 1
x(0, 0, 1, 2, 0, 1, 0) 1
x(0, 0, 1, 2, 0, 1, 1) 1
x(0, 0, 1, 2, 0, 2, 0) 1
x(0, 0, 1, 2, 1, 0, 0) 1
x(0, 0, 1, 2, 1, 0, 1) 1
x(0, 0, 1, 2, 1, 1, 0) 1
x(0, 0, 1, 2, 2, 0, 0) 1
x(0, 0, 1, 3, 0, 0, 0) 1
x(0, 0, 1, 3, 0, 0, 1) 1
x(0, 0, 1, 3, 0, 0, 2) 1
x(0, 0, 1, 3, 0, 1, 0) 1
x(0, 0, 1, 3, 1, 0, 0) 1
x(0, 0, 1, 4, 0, 0, 0) 1
x(0, 0, 1, 4, 0, 0, 1) 1
x(0, 0, 1, 5, 0, 0, 0) 1
x(0, 0, 2, 0, 0, 0, 0) 1
x(0, 0, 2, 0, 0, 0, 1) 1
x(0, 0, 2, 0, 0, 0, 2) 1
x(0, 0, 2, 0, 0, 0, 3) 1
x(0, 0, 2, 0, 0, 0, 4) 1
x(0, 0, 2, 0, 0, 1, 0) 1
x(0, 0, 2, 0, 0, 1, 1) 1
x(0, 0, 2, 0, 0, 1, 2) 1
x(0, 0, 2, 0, 0, 2, 0) 1
x(0, 0, 2, 0, 0, 2, 1) 1
x(0, 0, 2, 0, 0, 3, 0) 1
x(0, 0, 2, 0, 1, 0, 0) 1
x(0, 0, 2, 0, 1, 0, 1) 1
x(0, 0, 2, 0, 1, 0, 2) 1
x(0, 0, 2, 0, 1, 1, 0) 1
x(0, 0, 2, 0, 1, 1, 1) 1
x(0, 0, 2, 0, 1, 2, 0) 1
x(0, 0, 2, 0, 2, 0, 0) 1
x(0, 0, 2, 0, 2, 0, 1) 1
x(0, 0, 2, 0, 2, 1, 0) 1
x(0, 0, 2, 0, 3, 0, 0) 1
x(0, 0, 2, 1, 0, 0, 0) 1
x(0, 0, 2, 1, 0, 0, 1) 1
x(0, 0, 2, 1, 0, 0, 2) 1
x(0, 0, 2, 1, 0, 0, 3) 1
x(0, 0, 2, 1, 0, 1, 0) 1
x(0, 0, 2, 1, 0, 1, 1) 1
x(0, 0, 2, 1, 0, 2, 0) 1
x(0, 0, 2, 1, 1, 0, 0) 1
x(0, 0, 2, 1, 1, 0, 1) 1
x(0, 0, 2, 1, 1, 1, 0) 1
x(0, 0, 2, 1, 2, 0, 0) 1
x(0, 0, 2, 2, 0, 0, 0) 1
x(0, 0, 2, 2, 0, 0, 1) 1
x(0, 0, 2, 2, 0, 0, 2) 1
x(0, 0, 2, 2, 0, 1, 0) 1
x(0, 0, 2, 2, 1, 0, 0) 1
x(0, 0, 2, 3, 0, 0, 0) 1
x(0, 0, 2, 3, 0, 0, 1) 1
x(0, 0, 2, 4, 0, 0, 0) 1
x(0, 0, 3, 0, 0, 0, 0) 1
x(0, 0, 3, 0, 0, 0, 1) 1
x(0, 0, 3, 0, 0, 0, 2) 1
x(0, 0, 3, 0, 0, 0, 3) 1
x(0, 0, 3, 0, 0, 1, 0) 1
x(0, 0, 3, 0, 0, 1, 1) 1
x(0, 0, 3, 0, 0, 2, 0) 1
x(0, 0, 3, 0, 1, 0, 0) 1
x(0, 0, 3, 0, 1, 0, 1) 1
x(0, 0, 3, 0, 1, 1, 0) 1
x(0, 0, 3, 0, 2, 0, 0) 1
x(0, 0, 3, 1, 0, 0, 0) 1
x(0, 0, 3, 1, 0, 0, 1) 1
x(0, 0, 3, 1, 0, 0, 2) 1
x(0, 0, 3, 1, 0, 1, 0) 1
x(0, 0, 3, 1, 1, 0, 0) 1
x(0, 0, 3, 2, 0, 0, 0) 1
x(0, 0, 3, 2, 0, 0, 1) 1
x(0, 0, 3, 3, 0, 0, 0) 1
x(0, 0, 4, 0, 0, 0, 0) 1
x(0, 0, 4, 0, 0, 0, 1) 1
x(0, 0, 4, 0, 0, 0, 2) 1
x(0, 0, 4, 0, 0, 1, 0) 1
x(0, 0, 4, 0, 1, 0, 0) 1
x(0, 0, 4, 1, 0, 0, 0) 1
x(0, 0, 4, 1, 0, 0, 1) 1
x(0, 0, 4, 2, 0, 0, 0) 1
x(0, 0, 5, 0, 0, 0, 0) 1
x(0, 0, 5, 0, 0, 0, 1) 1
x(0, 0, 5, 1, 0, 0, 0) 1
x(0, 0, 6, 0, 0, 0, 0) 1
x(0, 1, 0, 0, 0, 0, 0) 1
x(0, 1, 0, 0, 0, 0, 1) 1
x(0, 1, 0, 0, 0, 0, 2) 1
x(0, 1, 0, 0, 0, 0, 3) 1
x(0, 1, 0, 0, 0, 0, 4) 1
x(0, 1, 0, 0, 0, 0, 5) 1
x(0, 1, 0, 0, 0, 1, 0) 1
x(0, 1, 0, 0, 0, 1, 1) 1
x(0, 1, 0, 0, 0, 1, 2) 1
x(0, 1, 0, 0, 0, 1, 3) 1
x(0, 1, 0, 0, 0, 2, 0) 1
x(0, 1, 0, 0, 0, 2, 1) 1
x(0, 1, 0, 0, 0, 2, 2) 1
x(0, 1, 0, 0, 0, 3, 0) 1
x(0, 1, 0, 0, 0, 3, 1) 1
x(0, 1, 0, 0, 0, 4, 0) 1
x(0, 1, 0, 0, 1, 0, 0) 1
x(0, 1, 0, 0, 1, 0, 1) 1
x(0, 1, 0, 0, 1, 0, 2) 1
x(0, 1, 0, 0, 1, 0, 3) 1
x(0, 1, 0, 0, 1, 1, 0) 1
x(0, 1, 0, 0, 1, 1, 1) 1
x(0, 1, 0, 0, 1, 1, 2) 1
x(0, 1, 0, 0, 1, 2, 0) 1
x(0, 1, 0, 0, 1, 2, 1) 1
x(0, 1, 0, 0, 1, 3, 0) 1
x(0, 1, 0, 0, 2, 0, 0) 1
x(0, 1, 0, 0, 2, 0, 1) 1
x(0, 1, 0, 0, 2, 0, 2) 1
x(0, 1, 0, 0, 2, 1, 0) 1
x(0, 1, 0, 0, 2, 1, 1) 1
x(0, 1, 0, 0, 2, 2, 0) 1
x(0, 1, 0, 0, 3, 0, 0) 1
x(0, 1, 0, 0, 3, 0, 1) 1
x(0, 1, 0, 0, 3, 1, 0) 1
x(0, 1, 0, 0, 4, 0, 0) 1
x(0, 1, 0, 1, 0, 0, 0) 1
x(0, 1, 0, 1, 0, 0, 1) 1
x(0, 1, 0, 1, 0, 0, 2) 1
x(0, 1, 0, 1, 0, 0, 3) 1
x(0, 1, 0, 1, 0, 0, 4) 1
x(0, 1, 0, 1, 0, 1, 0) 1
x(0, 1, 0, 1, 0, 1, 1) 1
x(0, 1, 0, 1, 0, 1, 2) 1
x(0, 1, 0, 1, 0, 2, 0) 1
x(0, 1, 0, 1, 0, 2, 1) 1
x(0, 1, 0, 1, 0, 3, 0) 1
x(0, 1, 0, 1, 1, 0, 0) 1
x(0, 1, 0, 1, 1, 0, 1) 1
x(0, 1, 0, 1, 1, 0, 2) 1
x(0, 1, 0, 1, 1, 1, 0) 1
x(0, 1, 0, 1, 1, 1, 1) 1
x(0, 1, 0, 1, 1, 2, 0) 1
x(0, 1, 0, 1, 2, 0, 0) 1
x(0, 1, 0, 1, 2, 0, 1) 1
x(0, 1, 0, 1, 2, 1, 0) 1
x(0, 1, 0, 1, 3, 0, 0) 1
x(0, 1, 0, 2, 0, 0, 0) 1
x(0, 1, 0, 2, 0, 0, 1) 1
x(0, 1, 0, 2, 0, 0, 2) 1
x(0, 1, 0, 2, 0, 0, 3) 1
x(0, 1, 0, 2, 0, 1, 0) 1
x(0, 1, 0, 2, 0, 1, 1) 1
x(0, 1, 0, 2, 0, 2, 0) 1
x(0, 1, 0, 2, 1, 0, 0) 1
x(0, 1, 0, 2, 1, 0, 1) 1
x(0, 1, 0, 2, 1, 1, 0) 1
x(0, 1, 0, 2, 2, 0, 0) 1
x(0, 1, 0, 3, 0, 0, 0) 1
x(0, 1, 0, 3, 0, 0, 1) 1
x(0, 1, 0, 3, 0, 0, 2) 1
x(0, 1, 0, 3, 0, 1, 0) 1
x(0, 1, 0, 3, 1, 0, 0) 1
x(0, 1, 0, 4, 0, 0, 0) 1
x(0, 1, 0, 4, 0, 0, 1) 1
x(0, 1, 0, 5, 0, 0, 0) 1
x(0, 1, 1, 0, 0, 0, 0) 1
x(0, 1, 1, 0, 0, 0, 1) 1
x(0, 1, 1, 0, 0, 0, 2) 1
x(0, 1, 1, 0, 0, 0, 3) 1
x(0, 1, 1, 0, 0, 0, 4) 1
x(0, 1, 1, 0, 0, 1, 0) 1
x(0, 1, 1, 0, 0, 1, 1) 1
x(0, 1, 1, 0, 0, 1, 2) 1
x(0, 1, 1, 0, 0, 2, 0) 1
x(0, 1, 1, 0, 0, 2, 1) 1
x(0, 1, 1, 0, 0, 3, 0) 1
x(0, 1, 1, 0, 1, 0, 0) 1
x(0, 1, 1, 0, 1, 0, 1) 1
x(0, 1, 1, 0, 1, 0, 2) 1
x(0, 1, 1, 0, 1, 1, 0) 1
x(0, 1, 1, 0, 1, 1, 1) 1
x(0, 1, 1, 0, 1, 2, 0) 1
x(0, 1, 1, 0, 2, 0, 0) 1
x(0, 1, 1, 0, 2, 0, 1) 1
x(0, 1, 1, 0, 2, 1, 0) 1
x(0, 1, 1, 0, 3, 0, 0) 1
x(0, 1, 1, 1, 0, 0, 0) 1
x(0, 1, 1, 1, 0, 0, 1) 1
x(0, 1, 1, 1, 0, 0, 2) 1
x(0, 1, 1, 1, 0, 0, 3) 1
x(0, 1, 1, 1, 0, 1, 0) 1
x(0, 1, 1, 1, 0, 1, 1) 1
x(0, 1, 1, 1, 0, 2, 0) 1
x(0, 1, 1, 1, 1, 0, 0) 1
x(0, 1, 1, 1, 1, 0, 1) 1
x(0, 1, 1, 1, 1, 1, 0) 1
x(0, 1, 1, 1, 2, 0, 0) 1
x(0, 1, 1, 2, 0, 0, 0) 1
x(0, 1, 1, 2, 0, 0, 1) 1
x(0, 1, 1, 2, 0, 0, 2) 1
x(0, 1, 1, 2, 0, 1, 0) 1
x(0, 1, 1, 2, 1, 0, 0) 1
x(0, 1, 1, 3, 0, 0, 0) 1
x(0, 1, 1, 3, 0, 0, 1) 1
x(0, 1, 1, 4, 0, 0, 0) 1
x(0, 1, 2, 0, 0, 0, 0) 1
x(0, 1, 2, 0, 0, 0, 1) 1
x(0, 1, 2, 0, 0, 0, 2) 1
x(0, 1, 2, 0, 0, 0, 3) 1
x(0, 1, 2, 0, 0, 1, 0) 1
x(0, 1, 2, 0, 0, 1, 1) 1
x(0, 1, 2, 0, 0, 2, 0) 1
x(0, 1, 2, 0, 1, 0, 0) 1
x(0, 1, 2, 0, 1, 0, 1) 1
x(0, 1, 2, 0, 1, 1, 0) 1
x(0, 1, 2, 0, 2, 0, 0) 1
x(0, 1, 2, 1, 0, 0, 0) 1
x(0, 1, 2, 1, 0, 0, 1) 1
x(0, 1, 2, 1, 0, 0, 2) 1
x(0, 1, 2, 1, 0, 1, 0) 1
x(0, 1, 2, 1, 1, 0, 0) 1
x(0, 1, 2, 2, 0, 0, 0) 1
x(0, 1, 2, 2, 0, 0, 1) 1
x(0, 1, 2, 3, 0, 0, 0) 1
x(0, 1, 3, 0, 0, 0, 0) 1
x(0, 1, 3, 0, 0, 0, 1) 1
x(0, 1, 3, 0, 0, 0, 2) 1
x(0, 1, 3, 0, 0, 1, 0) 1
x(0, 1, 3, 0, 1, 0, 0) 1
x(0, 1, 3, 1, 0, 0, 0) 1
x(0, 1, 3, 1, 0, 0, 1) 1
x(0, 1, 3, 2, 0, 0, 0) 1
x(0, 1, 4, 0, 0, 0, 0) 1
x(0, 1, 4, 0, 0, 0, 1) 1
x(0, 1, 4, 1, 0, 0, 0) 1
x(0, 1, 5, 0, 0, 0, 0) 1
x(0, 2, 0, 0, 0, 0, 0) 1
x(0, 2, 0, 0, 0, 0, 1) 1
x(0, 2, 0, 0, 0, 0, 2) 1
x(0, 2, 0, 0, 0, 0, 3) 1
x(0, 2, 0, 0, 0, 0, 4) 1
x(0, 2, 0, 0, 0, 1, 0) 1
x(0, 2, 0, 0, 0, 1, 1) 1
x(0, 2, 0, 0, 0, 1, 2) 1
x(0, 2, 0, 0, 0, 2, 0) 1
x(0, 2, 0, 0, 0, 2, 1) 1
x(0, 2, 0, 0, 0, 3, 0) 1
x(0, 2, 0, 0, 1, 0, 0) 1
x(0, 2, 0, 0, 1, 0, 1) 1
x(0, 2, 0, 0, 1, 0, 2) 1
x(0, 2, 0, 0, 1, 1, 0) 1
x(0, 2, 0, 0, 1, 1, 1) 1
x(0, 2, 0, 0, 1, 2, 0) 1
x(0, 2, 0, 0, 2, 0, 0) 1
x(0, 2, 0, 0, 2, 0, 1) 1
x(0, 2, 0, 0, 2, 1, 0) 1
x(0, 2, 0, 0, 3, 0, 0) 1
x(0, 2, 0, 1, 0, 0, 0) 1
x(0, 2, 0, 1, 0, 0, 1) 1
x(0, 2, 0, 1, 0, 0, 2) 1
x(0, 2, 0, 1, 0, 0, 3) 1
x(0, 2, 0, 1, 0, 1, 0) 1
x(0, 2, 0, 1, 0, 1, 1) 1
x(0, 2, 0, 1, 0, 2, 0) 1
x(0, 2, 0, 1, 1, 0, 0) 1
x(0, 2, 0, 1, 1, 0, 1) 1
x(0, 2, 0, 1, 1, 1, 0) 1
x(0, 2, 0, 1, 2, 0, 0) 1
x(0, 2, 0, 2, 0, 0, 0) 1
x(0, 2, 0, 2, 0, 0, 1) 1
x(0, 2, 0, 2, 0, 0, 2) 1
x(0, 2, 0, 2, 0, 1, 0) 1
x(0, 2, 0, 2, 1, 0, 0) 1
x(0, 2, 0, 3, 0, 0, 0) 1
x(0, 2, 0, 3, 0, 0, 1) 1
x(0, 2, 0, 4, 0, 0, 0) 1
x(0, 2, 1, 0, 0, 0, 0) 1
x(0, 2, 1, 0, 0, 0, 1) 1
x(0, 2, 1, 0, 0, 0, 2) 1
x(0, 2, 1, 0, 0, 0, 3) 1
x(0, 2, 1, 0, 0, 1, 0) 1
x(0, 2, 1, 0, 0, 1, 1) 1
x(0, 2, 1, 0, 0, 2, 0) 1
x(0, 2, 1, 0, 1, 0, 0) 1
x(0, 2, 1, 0, 1, 0, 1) 1
x(0, 2, 1, 0, 1, 1, 0) 1
x(0, 2, 1, 0, 2, 0, 0) 1
x(0, 2, 1, 1, 0, 0, 0) 1
x(0, 2, 1, 1, 0, 0, 1) 1
x(0, 2, 1, 1, 0, 0, 2) 1
x(0, 2, 1, 1, 0, 1, 0) 1
x(0, 2, 1, 1, 1, 0, 0) 1
x(0, 2, 1, 2, 0, 0, 0) 1
x(0, 2, 1, 2, 0, 0, 1) 1
x(0, 2, 1, 3, 0, 0, 0) 1
x(0, 2, 2, 0, 0, 0, 0) 1
x(0, 2, 2, 0, 0, 0, 1) 1
x(0, 2, 2, 0, 0, 0, 2) 1
x(0, 2, 2, 0, 0, 1, 0) 1
x(0, 2, 2, 0, 1, 0, 0) 1
x(0, 2, 2, 1, 0, 0, 0) 1
x(0, 2, 2, 1, 0, 0, 1) 1
x(0, 2, 2, 2, 0, 0, 0) 1
x(0, 2, 3, 0, 0, 0, 0) 1
x(0, 2, 3, 0, 0, 0, 1) 1
x(0, 2, 3, 1, 0, 0, 0) 1
x(0, 2, 4, 0, 0, 0, 0) 1
x(0, 3, 0, 0, 0, 0, 0) 1
x(0, 3, 0, 0, 0, 0, 1) 1
x(0, 3, 0, 0, 0, 0, 2) 1
x(0, 3, 0, 0, 0, 0, 3) 1
x(0, 3, 0, 0, 0, 1, 0) 1
x(0, 3, 0, 0, 0, 1, 1) 1
x(0, 3, 0, 0, 0, 2, 0) 1
x(0, 3, 0, 0, 1, 0, 0) 1
x(0, 3, 0, 0, 1, 0, 1) 1
x(0, 3, 0, 0, 1, 1, 0) 1
x(0, 3, 0, 0, 2, 0, 0) 1
x(0, 3, 0, 1, 0, 0, 0) 1
x(0, 3, 0, 1, 0, 0, 1) 1
x(0, 3, 0, 1, 0, 0, 2) 1
x(0, 3, 0, 1, 0, 1, 0) 1
x(0, 3, 0, 1, 1, 0, 0) 1
x(0, 3, 0, 2, 0, 0, 0) 1
x(0, 3, 0, 2, 0, 0, 1) 1
x(0, 3, 0, 3, 0, 0, 0) 1
x(0, 3, 1, 0, 0, 0, 0) 1
x(0, 3, 1, 0, 0, 0, 1) 1
x(0, 3, 1, 0, 0, 0, 2) 1
x(0, 3, 1, 0, 0, 1, 0) 1
x(0, 3, 1, 0, 1, 0, 0) 1
x(0, 3, 1, 1, 0, 0, 0) 1
x(0, 3, 1, 1, 0, 0, 1) 1
x(0, 3, 1, 2, 0, 0, 0) 1
x(0, 3, 2, 0, 0, 0, 0) 1
x(0, 3, 2, 0, 0, 0, 1) 1
x(0, 3, 2, 1, 0, 0, 0) 1
x(0, 3, 3, 0, 0, 0, 0) 1
x(0, 4, 0, 0, 0, 0, 0) 1
x(0, 4, 0, 0, 0, 0, 1) 1
x(0, 4, 0, 0, 0, 0, 2) 1
x(0, 4, 0, 0, 0, 1, 0) 1
x(0, 4, 0, 0, 1, 0, 0) 1
x(0, 4, 0, 1, 0, 0, 0) 1
x(0, 4, 0, 1, 0, 0, 1) 1
x(0, 4, 0, 2, 0, 0, 0) 1
x(0, 4, 1, 0, 0, 0, 0) 1
x(0, 4, 1, 0, 0, 0, 1) 1
x(0, 4, 1, 1, 0, 0, 0) 1
x(0, 4, 2, 0, 0, 0, 0) 1
x(0, 5, 0, 0, 0, 0, 0) 1
x(0, 5, 0, 0, 0, 0, 1) 1
x(0, 5, 0, 1, 0, 0, 0) 1
x(0, 5, 1, 0, 0, 0, 0) 1
x(0, 6, 0, 0, 0, 0, 0) 1
x(1, 0, 0, 0, 0, 0, 0) 1
x(1, 0, 0, 0, 0, 0, 1) 1
x(1, 0, 0, 0, 0, 0, 2) 1
x(1, 0, 0, 0, 0, 0, 3) 1
x(1, 0, 0, 0, 0, 0, 4) 1
x(1, 0, 0, 0, 0, 0, 5) 1
x(1, 0, 0, 0, 0, 1, 0) 1
x(1, 0, 0, 0, 0, 1, 1) 1
x(1, 0, 0, 0, 0, 1, 2) 1
x(1, 0, 0, 0, 0, 1, 3) 1
x(1, 0, 0, 0, 0, 2, 0) 1
x(1, 0, 0, 0, 0, 2, 1) 1
x(1, 0, 0, 0, 0, 2, 2) 1
x(1, 0, 0, 0, 0, 3, 0) 1
x(1, 0, 0, 0, 0, 3, 1) 1
x(1, 0, 0, 0, 0, 4, 0) 1
x(1, 0, 0, 0, 1, 0, 0) 1
x(1, 0, 0, 0, 1, 0, 1) 1
x(1, 0, 0, 0, 1, 0, 2) 1
x(1, 0, 0, 0, 1, 0, 3) 1
x(1, 0, 0, 0, 1, 1, 0) 1
x(1, 0, 0, 0, 1, 1, 1) 1
x(1, 0, 0, 0, 1, 1, 2) 1
x(1, 0, 0, 0, 1, 2, 0) 1
x(1, 0, 0, 0, 1, 2, 1) 1
x(1, 0, 0, 0, 1, 3, 0) 1
x(1, 0, 0, 0, 2, 0, 0) 1
x(1, 0, 0, 0, 2, 0, 1) 1
x(1, 0, 0, 0, 2, 0, 2) 1
x(1, 0, 0, 0, 2, 1, 0) 1
x(1, 0, 0, 0, 2, 1, 1) 1
x(1, 0, 0, 0, 2, 2, 0) 1
x(1, 0, 0, 0, 3, 0, 0) 1
x(1, 0, 0, 0, 3, 0, 1) 1
x(1, 0, 0, 0, 3, 1, 0) 1
x(1, 0, 0, 0, 4, 0, 0) 1
x(1, 0, 0, 1, 0, 0, 0) 1
x(1, 0, 0, 1, 0, 0, 1) 1
x(1, 0, 0, 1, 0, 0, 2) 1
x(1, 0, 0, 1, 0, 0, 3) 1
x(1, 0, 0, 1, 0, 0, 4) 1
x(1, 0, 0, 1, 0, 1, 0) 1
x(1, 0, 0, 1, 0, 1, 1) 1
x(1, 0, 0, 1, 0, 1, 2) 1
x(1, 0, 0, 1, 0, 2, 0) 1
x(1, 0, 0, 1, 0, 2, 1) 1
x(1, 0, 0, 1, 0, 3, 0) 1
x(1, 0, 0, 1, 1, 0, 0) 1
x(1, 0, 0, 1, 1, 0, 1) 1
x(1, 0, 0, 1, 1, 0, 2) 1
x(1, 0, 0, 1, 1, 1, 0) 1
x(1, 0, 0, 1, 1, 1, 1) 1
x(1, 0, 0, 1, 1, 2, 0) 1
x(1, 0, 0, 1, 2, 0, 0) 1
x(1, 0, 0, 1, 2, 0, 1) 1
x(1, 0, 0, 1, 2, 1, 0) 1
x(1, 0, 0, 1, 3, 0, 0) 1
x(1, 0, 0, 2, 0, 0, 0) 1
x(1, 0, 0, 2, 0, 0, 1) 1
x(1, 0, 0, 2, 0, 0, 2) 1
x(1, 0, 0, 2, 0, 0, 3) 1
x(1, 0, 0, 2, 0, 1, 0) 1
x(1, 0, 0, 2, 0, 1, 1) 1
x(1, 0, 0, 2, 0, 2, 0) 1
x(1, 0, 0, 2, 1, 0, 0) 1
x(1, 0, 0, 2, 1, 0, 1) 1
x(1, 0, 0, 2, 1, 1, 0) 1
x(1, 0, 0, 2, 2, 0, 0) 1
x(1, 0, 0, 3, 0, 0, 0) 1
x(1, 0, 0, 3, 0, 0, 1) 1
x(1, 0, 0, 3, 0, 0, 2) 1
x(1, 0, 0, 3, 0, 1, 0) 1
x(1, 0, 0, 3, 1, 0, 0) 1
x(1, 0, 0, 4, 0, 0, 0) 1
x(1, 0, 0, 4, 0, 0, 1) 1
x(1, 0, 0, 5, 0, 0, 0) 1
x(1, 0, 1, 0, 0, 0, 0) 1
x(1, 0, 1, 0, 0, 0, 1) 1
x(1, 0, 1, 0, 0, 0, 2) 1
x(1, 0, 1, 0, 0, 0, 3) 1
x(1, 0, 1, 0, 0, 0, 4) 1
x(1, 0, 1, 0, 0, 1, 0) 1
x(1, 0, 1, 0, 0, 1, 1) 1
x(1, 0, 1, 0, 0, 1, 2) 1
x(1, 0, 1, 0, 0, 2, 0) 1
x(1, 0, 1, 0, 0, 2, 1) 1
x(1, 0, 1, 0, 0, 3, 0) 1
x(1, 0, 1, 0, 1, 0, 0) 1
x(1, 0, 1, 0, 1, 0, 1) 1
x(1, 0, 1, 0, 1, 0, 2) 1
x(1, 0, 1, 0, 1, 1, 0) 1
x(1, 0, 1, 0, 1, 1, 1) 1
x(1, 0, 1, 0, 1, 2, 0) 1
x(1, 0, 1, 0, 2, 0, 0) 1
x(1, 0, 1, 0, 2, 0, 1) 1
x(1, 0, 1, 0, 2, 1, 0) 1
x(1, 0, 1, 0, 3, 0, 0) 1
x(1, 0, 1, 1, 0, 0, 0) 1
x(1, 0, 1, 1, 0, 0, 1) 1
x(1, 0, 1, 1, 0, 0, 2) 1
x(1, 0, 1, 1, 0, 0, 3) 1
x(1, 0, 1, 1, 0, 1, 0) 1
x(1, 0, 1, 1, 0, 1, 1) 1
x(1, 0, 1, 1, 0, 2, 0) 1
x(1, 0, 1, 1, 1, 0, 0) 1
x(1, 0, 1, 1, 1, 0, 1) 1
x(1, 0, 1, 1, 1, 1, 0) 1
x(1, 0, 1, 1, 2, 0, 0) 1
x(1, 0, 1, 2, 0, 0, 0) 1
x(1, 0, 1, 2, 0, 0, 1) 1
x(1, 0, 1, 2, 0, 0, 2) 1
x(1, 0, 1, 2, 0, 1, 0) 1
x(1, 0, 1, 2, 1, 0, 0) 1
x(1, 0, 1, 3, 0, 0, 0) 1
x(1, 0, 1, 3, 0, 0, 1) 1
x(1, 0, 1, 4, 0, 0, 0) 1
x(1, 0, 2, 0, 0, 0, 0) 1
x(1, 0, 2, 0, 0, 0, 1) 1
x(1, 0, 2, 0, 0, 0, 2) 1
x(1, 0, 2, 0, 0, 0, 3) 1
x(1, 0, 2, 0, 0, 1, 0) 1
x(1, 0, 2, 0, 0, 1, 1) 1
x(1, 0, 2, 0, 0, 2, 0) 1
x(1, 0, 2, 0, 1, 0, 0) 1
x(1, 0, 2, 0, 1, 0, 1) 1
x(1, 0, 2, 0, 1, 1, 0) 1
x(1, 0, 2, 0, 2, 0, 0) 1
x(1, 0, 2, 1, 0, 0, 0) 1
x(1, 0, 2, 1, 0, 0, 1) 1
x(1, 0, 2, 1, 0, 0, 2) 1
x(1, 0, 2, 1, 0, 1, 0) 1
x(1, 0, 2, 1, 1, 0, 0) 1
x(1, 0, 2, 2, 0, 0, 0) 1
x(1, 0, 2, 2, 0, 0, 1) 1
x(1, 0, 2, 3, 0, 0, 0) 1
x(1, 0, 3, 0, 0, 0, 0) 1
x(1, 0, 3, 0, 0, 0, 1) 1
x(1, 0, 3, 0, 0, 0, 2) 1
x(1, 0, 3, 0, 0, 1, 0) 1
x(1, 0, 3, 0, 1, 0, 0) 1
x(1, 0, 3, 1, 0, 0, 0) 1
x(1, 0, 3, 1, 0, 0, 1) 1
x(1, 0, 3, 2, 0, 0, 0) 1
x(1, 0, 4, 0, 0, 0, 0) 1
x(1, 0, 4, 0, 0, 0, 1) 1
x(1, 0, 4, 1, 0, 0, 0) 1
x(1, 0, 5, 0, 0, 0, 0) 1
x(1, 1, 0, 0, 0, 0, 0) 1
x(1, 1, 0, 0, 0, 0, 1) 1
x(1, 1, 0, 0, 0, 0, 2) 1
x(1, 1, 0, 0, 0, 0, 3) 1
x(1, 1, 0, 0, 0, 0, 4) 1
x(1, 1, 0, 0, 0, 1, 0) 1
x(1, 1, 0, 0, 0, 1, 1) 1
x(1, 1, 0, 0, 0, 1, 2) 1
x(1, 1, 0, 0, 0, 2, 0) 1
x(1, 1, 0, 0, 0, 2, 1) 1
x(1, 1, 0, 0, 0, 3, 0) 1
x(1, 1, 0, 0, 1, 0, 0) 1
x(1, 1, 0, 0, 1, 0, 1) 1
x(1, 1, 0, 0, 1, 0, 2) 1
x(1, 1, 0, 0, 1, 1, 0) 1
x(1, 1, 0, 0, 1, 1, 1) 1
x(1, 1, 0, 0, 1, 2, 0) 1
x(1, 1, 0, 0, 2, 0, 0) 1
x(1, 1, 0, 0, 2, 0, 1) 1
x(1, 1, 0, 0, 2, 1, 0) 1
x(1, 1, 0, 0, 3, 0, 0) 1
x(1, 1, 0, 1, 0, 0, 0) 1
x(1, 1, 0, 1, 0, 0, 1) 1
x(1, 1, 0, 1, 0, 0, 2) 1
x(1, 1, 0, 1, 0, 0, 3) 1
x(1, 1, 0, 1, 0, 1, 0) 1
x(1, 1, 0, 1, 0, 1, 1) 1
x(1, 1, 0, 1, 0, 2, 0) 1
x(1, 1, 0, 1, 1, 0, 0) 1
x(1, 1, 0, 1, 1, 0, 1) 1
x(1, 1, 0, 1, 1, 1, 0) 1
x(1, 1, 0, 1, 2, 0, 0) 1
x(1, 1, 0, 2, 0, 0, 0) 1
x(1, 1, 0, 2, 0, 0, 1) 1
x(1, 1, 0, 2, 0, 0, 2) 1
x(1, 1, 0, 2, 0, 1, 0) 1
x(1, 1, 0, 2, 1, 0, 0) 1
x(1, 1, 0, 3, 0, 0, 0) 1
x(1, 1, 0, 3, 0, 0, 1) 1
x(1, 1, 0, 4, 0, 0, 0) 1
x(1, 1, 1, 0, 0, 0, 0) 1
x(1, 1, 1, 0, 0, 0, 1) 1
x(1, 1, 1, 0, 0, 0, 2) 1
x(1, 1, 1, 0, 0, 0, 3) 1
x(1, 1, 1, 0, 0, 1, 0) 1
x(1, 1, 1, 0, 0, 1, 1) 1
x(1, 1, 1, 0, 0, 2, 0) 1
x(1, 1, 1, 0, 1, 0, 0) 1
x(1, 1, 1, 0, 1, 0, 1) 1
x(1, 1, 1, 0, 1, 1, 0) 1
x(1, 1, 1, 0, 2, 0, 0) 1
x(1, 1, 1, 1, 0, 0, 0) 1
x(1, 1, 1, 1, 0, 0, 1) 1
x(1, 1, 1, 1, 0, 0, 2) 1
x(1, 1, 1, 1, 0, 1, 0) 1
x(1, 1, 1, 1, 1, 0, 0) 1
x(1, 1, 1, 2, 0, 0, 0) 1
x(1, 1, 1, 2, 0, 0, 1) 1
x(1, 1, 1, 3, 0, 0, 0) 1
x(1, 1, 2, 0, 0, 0, 0) 1
x(1, 1, 2, 0, 0, 0, 1) 1
x(1, 1, 2, 0, 0, 0, 2) 1
x(1, 1, 2, 0, 0, 1, 0) 1
x(1, 1, 2, 0, 1, 0, 0) 1
x(1, 1, 2, 1, 0, 0, 0) 1
x(1, 1, 2, 1, 0, 0, 1) 1
x(1, 1, 2, 2, 0, 0, 0) 1
x(1, 1, 3, 0, 0, 0, 0) 1
x(1, 1, 3, 0, 0, 0, 1) 1
x(1, 1, 3, 1, 0, 0, 0) 1
x(1, 1, 4, 0, 0, 0, 0) 1
x(1, 2, 0, 0, 0, 0, 0) 1
x(1, 2, 0, 0, 0, 0, 1) 1
x(1, 2, 0, 0, 0, 0, 2) 1
x(1, 2, 0, 0, 0, 0, 3) 1
x(1, 2, 0, 0, 0, 1, 0) 1
x(1, 2, 0, 0, 0, 1, 1) 1
x(1, 2, 0, 0, 0, 2, 0) 1
x(1, 2, 0, 0, 1, 0, 0) 1
x(1, 2, 0, 0, 1, 0, 1) 1
x(1, 2, 0, 0, 1, 1, 0) 1
x(1, 2, 0, 0, 2, 0, 0) 1
x(1, 2, 0, 1, 0, 0, 0) 1
x(1, 2, 0, 1, 0, 0, 1) 1
x(1, 2, 0, 1, 0, 0, 2) 1
x(1, 2, 0, 1, 0, 1, 0) 1
x(1, 2, 0, 1, 1, 0, 0) 1
x(1, 2, 0, 2, 0, 0, 0) 1
x(1, 2, 0, 2, 0, 0, 1) 1
x(1, 2, 0, 3, 0, 0, 0) 1
x(1, 2, 1, 0, 0, 0, 0) 1
x(1, 2, 1, 0, 0, 0, 1) 1
x(1, 2, 1, 0, 0, 0, 2) 1
x(1, 2, 1, 0, 0, 1, 0) 1
x(1, 2, 1, 0, 1, 0, 0) 1
x(1, 2, 1, 1, 0, 0, 0) 1
x(1, 2, 1, 1, 0, 0, 1) 1
x(1, 2, 1, 2, 0, 0, 0) 1
x(1, 2, 2, 0, 0, 0, 0) 1
x(1, 2, 2, 0, 0, 0, 1) 1
x(1, 2, 2, 1, 0, 0, 0) 1
x(1, 2, 3, 0, 0, 0, 0) 1
x(1, 3, 0, 0, 0, 0, 0) 1
x(1, 3, 0, 0, 0, 0, 1) 1
x(1, 3, 0, 0, 0, 0, 2) 1
x(1, 3, 0, 0, 0, 1, 0) 1
x(1, 3, 0, 0, 1, 0, 0) 1
x(1, 3, 0, 1, 0, 0, 0) 1
x(1, 3, 0, 1, 0, 0, 1) 1
x(1, 3, 0, 2, 0, 0, 0) 1
x(1, 3, 1, 0, 0, 0, 0) 1
x(1, 3, 1, 0, 0, 0, 1) 1
x(1, 3, 1, 1, 0, 0, 0) 1
x(1, 3, 2, 0, 0, 0, 0) 1
x(1, 4, 0, 0, 0, 0, 0) 1
x(1, 4, 0, 0, 0, 0, 1) 1
x(1, 4, 0, 1, 0, 0, 0) 1
x(1, 4, 1, 0, 0, 0, 0) 1
x(1, 5, 0, 0, 0, 0, 0) 1
x(2, 0, 0, 0, 0, 0, 0) 1
x(2, 0, 0, 0, 0, 0, 1) 1
x(2, 0, 0, 0, 0, 0, 2) 1
x(2, 0, 0, 0, 0, 0, 3) 1
x(2, 0, 0, 0, 0, 0, 4) 1
x(2, 0, 0, 0, 0, 1, 0) 1
x(2, 0, 0, 0, 0, 1, 1) 1
x(2, 0, 0, 0, 0, 1, 2) 1
x(2, 0, 0, 0, 0, 2, 0) 1
x(2, 0, 0, 0, 0, 2, 1) 1
x(2, 0, 0, 0, 0, 3, 0) 1
x(2, 0, 0, 0, 1, 0, 0) 1
x(2, 0, 0, 0, 1, 0, 1) 1
x(2, 0, 0, 0, 1, 0, 2) 1
x(2, 0, 0, 0, 1, 1, 0) 1
x(2, 0, 0, 0, 1, 1, 1) 1
x(2, 0, 0, 0, 1, 2, 0) 1
x(2, 0, 0, 0, 2, 0, 0) 1
x(2, 0, 0, 0, 2, 0, 1) 1
x(2, 0, 0, 0, 2, 1, 0) 1
x(2, 0, 0, 0, 3, 0, 0) 1
x(2, 0, 0, 1, 0, 0, 0) 1
x(2, 0, 0, 1, 0, 0, 1) 1
x(2, 0, 0, 1, 0, 0, 2) 1
x(2, 0, 0, 1, 0, 0, 3) 1
x(2, 0, 0, 1, 0, 1, 0) 1
x(2, 0, 0, 1, 0, 1, 1) 1
x(2, 0, 0, 1, 0, 2, 0) 1
x(2, 0, 0, 1, 1, 0, 0) 1
x(2, 0, 0, 1, 1, 0, 1) 1
x(2, 0, 0, 1, 1, 1, 0) 1
x(2, 0, 0, 1, 2, 0, 0) 1
x(2, 0, 0, 2, 0, 0, 0) 1
x(2, 0, 0, 2, 0, 0, 1) 1
x(2, 0, 0, 2, 0, 0, 2) 1
x(2, 0, 0, 2, 0, 1, 0) 1
x(2, 0, 0, 2, 1, 0, 0) 1
x(2, 0, 0, 3, 0, 0, 0) 1
x(2, 0, 0, 3, 0, 0, 1) 1
x(2, 0, 0, 4, 0, 0, 0) 1
x(2, 0, 1, 0, 0, 0, 0) 1
x(2, 0, 1, 0, 0, 0, 1) 1
x(2, 0, 1, 0, 0, 0, 2) 1
x(2, 0, 1, 0, 0, 0, 3) 1
x(2, 0, 1, 0, 0, 1, 0) 1
x(2, 0, 1, 0, 0, 1, 1) 1
x(2, 0, 1, 0, 0, 2, 0) 1
x(2, 0, 1, 0, 1, 0, 0) 1
x(2, 0, 1, 0, 1, 0, 1) 1
x(2, 0, 1, 0, 1, 1, 0) 1
x(2, 0, 1, 0, 2, 0, 0) 1
x(2, 0, 1, 1, 0, 0, 0) 1
x(2, 0, 1, 1, 0, 0, 1) 1
x(2, 0, 1, 1, 0, 0, 2) 1
x(2, 0, 1, 1, 0, 1, 0) 1
x(2, 0, 1, 1, 1, 0, 0) 1
x(2, 0, 1, 2, 0, 0, 0) 1
x(2, 0, 1, 2, 0, 0, 1) 1
x(2, 0, 1, 3, 0, 0, 0) 1
x(2, 0, 2, 0, 0, 0, 0) 1
x(2, 0, 2, 0, 0, 0, 1) 1
x(2, 0, 2, 0, 0, 0, 2) 1
x(2, 0, 2, 0, 0, 1, 0) 1
x(2, 0, 2, 0, 1, 0, 0) 1
x(2, 0, 2, 1, 0, 0, 0) 1
x(2, 0, 2, 1, 0, 0, 1) 1
x(2, 0, 2, 2, 0, 0, 0) 1
x(2, 0, 3, 0, 0, 0, 0) 1
x(2, 0, 3, 0, 0, 0, 1) 1
x(2, 0, 3, 1, 0, 0, 0) 1
x(2, 0, 4, 0, 0, 0, 0) 1
x(2, 1, 0, 0, 0, 0, 0) 1
x(2, 1, 0, 0, 0, 0, 1) 1
x(2, 1, 0, 0, 0, 0, 2) 1
x(2, 1, 0, 0, 0, 0, 3) 1
x(2, 1, 0, 0, 0, 1, 0) 1
x(2, 1, 0, 0, 0, 1, 1) 1
x(2, 1, 0, 0, 0, 2, 0) 1
x(2, 1, 0, 0, 1, 0, 0) 1
x(2, 1, 0, 0, 1, 0, 1) 1
x(2, 1, 0, 0, 1, 1, 0) 1
x(2, 1, 0, 0, 2, 0, 0) 1
x(2, 1, 0, 1, 0, 0, 0) 1
x(2, 1, 0, 1, 0, 0, 1) 1
x(2, 1, 0, 1, 0, 0, 2) 1
x(2, 1, 0, 1, 0, 1, 0) 1
x(2, 1, 0, 1, 1, 0, 0) 1
x(2, 1, 0, 2, 0, 0, 0) 1
x(2, 1, 0, 2, 0, 0, 1) 1
x(2, 1, 0, 3, 0, 0, 0) 1
x(2, 1, 1, 0, 0, 0, 0) 1
x(2, 1, 1, 0, 0, 0, 1) 1
x(2, 1, 1, 0, 0, 0, 2) 1
x(2, 1, 1, 0, 0, 1, 0) 1
x(2, 1, 1, 0, 1, 0, 0) 1
x(2, 1, 1, 1, 0, 0, 0) 1
x(2, 1, 1, 1, 0, 0, 1) 1
x(2, 1, 1, 2, 0, 0, 0) 1
x(2, 1, 2, 0, 0, 0, 0) 1
x(2, 1, 2, 0, 0, 0, 1) 1
x(2, 1, 2, 1, 0, 0, 0) 1
x(2, 1, 3, 0, 0, 0, 0) 1
x(2, 2, 0, 0, 0, 0, 0) 1
x(2, 2, 0, 0, 0, 0, 1) 1
x(2, 2, 0, 0, 0, 0, 2) 1
x(2, 2, 0, 0, 0, 1, 0) 1
x(2, 2, 0, 0, 1, 0, 0) 1
x(2, 2, 0, 1, 0, 0, 0) 1
x(2, 2, 0, 1, 0, 0, 1) 1
x(2, 2, 0, 2, 0, 0, 0) 1
x(2, 2, 1, 0, 0, 0, 0) 1
x(2, 2, 1, 0, 0, 0, 1) 1
x(2, 2, 1, 1, 0, 0, 0) 1
x(2, 2, 2, 0, 0, 0, 0) 1
x(2, 3, 0, 0, 0, 0, 0) 1
x(2, 3, 0, 0, 0, 0, 1) 1
x(2, 3, 0, 1, 0, 0, 0) 1
x(2, 3, 1, 0, 0, 0, 0) 1
x(2, 4, 0, 0, 0, 0, 0) 1
x(3, 0, 0, 0, 0, 0, 0) 1
x(3, 0, 0, 0, 0, 0, 1) 1
x(3, 0, 0, 0, 0, 0, 2) 1
x(3, 0, 0, 0, 0, 0, 3) 1
x(3, 0, 0, 0, 0, 1, 0) 1
x(3, 0, 0, 0, 0, 1, 1) 1
x(3, 0, 0, 0, 0, 2, 0) 1
x(3, 0, 0, 0, 1, 0, 0) 1
x(3, 0, 0, 0, 1, 0, 1) 1
x(3, 0, 0, 0, 1, 1, 0) 1
x(3, 0, 0, 0, 2, 0, 0) 1
x(3, 0, 0, 1, 0, 0, 0) 1
x(3, 0, 0, 1, 0, 0, 1) 1
x(3, 0, 0, 1, 0, 0, 2) 1
x(3, 0, 0, 1, 0, 1, 0) 1
x(3, 0, 0, 1, 1, 0, 0) 1
x(3, 0, 0, 2, 0, 0, 0) 1
x(3, 0, 0, 2, 0, 0, 1) 1
x(3, 0, 0, 3, 0, 0, 0) 1
x(3, 0, 1, 0, 0, 0, 0) 1
x(3, 0, 1, 0, 0, 0, 1) 1
x(3, 0, 1, 0, 0, 0, 2) 1
x(3, 0, 1, 0, 0, 1, 0) 1
x(3, 0, 1, 0, 1, 0, 0) 1
x(3, 0, 1, 1, 0, 0, 0) 1
x(3, 0, 1, 1, 0, 0, 1) 1
x(3, 0, 1, 2, 0, 0, 0) 1
x(3, 0, 2, 0, 0, 0, 0) 1
x(3, 0, 2, 0, 0, 0, 1) 1
x(3, 0, 2, 1, 0, 0, 0) 1
x(3, 0, 3, 0, 0, 0, 0) 1
x(3, 1, 0, 0, 0, 0, 0) 1
x(3, 1, 0, 0, 0, 0, 1) 1
x(3, 1, 0, 0, 0, 0, 2) 1
x(3, 1, 0, 0, 0, 1, 0) 1
x(3, 1, 0, 0, 1, 0, 0) 1
x(3, 1, 0, 1, 0, 0, 0) 1
x(3, 1, 0, 1, 0, 0, 1) 1
x(3, 1, 0, 2, 0, 0, 0) 1
x(3, 1, 1, 0, 0, 0, 0) 1
x(3, 1, 1, 0, 0, 0, 1) 1
x(3, 1, 1, 1, 0, 0, 0) 1
x(3, 1, 2, 0, 0, 0, 0) 1
x(3, 2, 0, 0, 0, 0, 0) 1
x(3, 2, 0, 0, 0, 0, 1) 1
x(3, 2, 0, 1, 0, 0, 0) 1
x(3, 2, 1, 0, 0, 0, 0) 1
x(3, 3, 0, 0, 0, 0, 0) 1
x(4, 0, 0, 0, 0, 0, 0) 1
x(4, 0, 0, 0, 0, 0, 1) 1
x(4, 0, 0, 0, 0, 0, 2) 1
x(4, 0, 0, 0, 0, 1, 0) 1
x(4, 0, 0, 0, 1, 0, 0) 1
x(4, 0, 0, 1, 0, 0, 0) 1
x(4, 0, 0, 1, 0, 0, 1) 1
x(4, 0, 0, 2, 0, 0, 0) 1
x(4, 0, 1, 0, 0, 0, 0) 1
x(4, 0, 1, 0, 0, 0, 1) 1
x(4, 0, 1, 1, 0, 0, 0) 1
x(4, 0, 2, 0, 0, 0, 0) 1
x(4, 1, 0, 0, 0, 0, 0) 1
x(4, 1, 0, 0, 0, 0, 1) 1
x(4, 1, 0, 1, 0, 0, 0) 1
x(4, 1, 1, 0, 0, 0, 0) 1
x(4, 2, 0, 0, 0, 0, 0) 1
x(5, 0, 0, 0, 0, 0, 0) 1
x(5, 0, 0, 0, 0, 0, 1) 1
x(5, 0, 0, 1, 0, 0, 0) 1
x(5, 0, 1, 0, 0, 0, 0) 1
x(5, 1, 0, 0, 0, 0, 0) 1
x(6, 0, 0, 0, 0, 0, 0) 1
s[0] 0.157916
s[1] 0.157916
s[2] 0.157916
s[3] 0.157916
s[4] 0.210521
s[5] 0.210521
s[6] 0.157916
y(0, 0, 0, 5, 0, 0, 1) 0.2
y(0, 0, 6, 0, 0, 0, 0) 0.333333
y(0, 1, 0, 0, 0, 0, 5) 0.36
y(0, 6, 0, 0, 0, 0, 0) 0.106667
==> so target_lp_sol = 1
Obj: 0

Process finished with exit code 0
