n1 1
n2 1
n3 1
n4 1
n5 1
n6 1
x(0, 0, 0, 0, 0, 0, 0) 1
x(0, 0, 0, 0, 0, 0, 1) 1
x(0, 0, 0, 0, 0, 0, 2) 1
x(0, 0, 0, 0, 0, 0, 3) 1
x(0, 0, 0, 0, 0, 0, 4) 1
x(0, 0, 0, 0, 0, 0, 5) 1
x(0, 0, 0, 0, 0, 0, 6) 1
x(0, 0, 0, 0, 0, 1, 0) 1
x(0, 0, 0, 0, 0, 1, 1) 1
x(0, 0, 0, 0, 0, 1, 2) 1
x(0, 0, 0, 0, 0, 1, 3) 1
x(0, 0, 0, 0, 0, 1, 4) 1
x(0, 0, 0, 0, 0, 1, 5) 1
x(0, 0, 0, 0, 0, 2, 0) 1
x(0, 0, 0, 0, 0, 2, 1) 1
x(0, 0, 0, 0, 0, 2, 2) 1
x(0, 0, 0, 0, 0, 2, 3) 1
x(0, 0, 0, 0, 0, 2, 4) 1
x(0, 0, 0, 0, 0, 3, 0) 1
x(0, 0, 0, 0, 0, 3, 1) 1
x(0, 0, 0, 0, 0, 3, 2) 1
x(0, 0, 0, 0, 0, 3, 3) 1
x(0, 0, 0, 0, 0, 4, 0) 1
x(0, 0, 0, 0, 0, 4, 1) 1
x(0, 0, 0, 0, 0, 4, 2) 1
x(0, 0, 0, 0, 0, 5, 0) 1
x(0, 0, 0, 0, 0, 5, 1) 1
x(0, 0, 0, 0, 0, 6, 0) 1
x(0, 0, 0, 0, 1, 0, 0) 1
x(0, 0, 0, 0, 1, 0, 1) 1
x(0, 0, 0, 0, 1, 0, 2) 1
x(0, 0, 0, 0, 1, 0, 3) 1
x(0, 0, 0, 0, 1, 0, 4) 1
x(0, 0, 0, 0, 1, 0, 5) 1
x(0, 0, 0, 0, 1, 1, 0) 1
x(0, 0, 0, 0, 1, 1, 1) 1
x(0, 0, 0, 0, 1, 1, 2) 1
x(0, 0, 0, 0, 1, 1, 3) 1
x(0, 0, 0, 0, 1, 1, 4) 1
x(0, 0, 0, 0, 1, 2, 0) 1
x(0, 0, 0, 0, 1, 2, 1) 1
x(0, 0, 0, 0, 1, 2, 2) 1
x(0, 0, 0, 0, 1, 2, 3) 1
x(0, 0, 0, 0, 1, 3, 0) 1
x(0, 0, 0, 0, 1, 3, 1) 1
x(0, 0, 0, 0, 1, 3, 2) 1
x(0, 0, 0, 0, 1, 4, 0) 1
x(0, 0, 0, 0, 1, 4, 1) 1
x(0, 0, 0, 0, 1, 5, 0) 1
x(0, 0, 0, 0, 2, 0, 0) 1
x(0, 0, 0, 0, 2, 0, 1) 1
x(0, 0, 0, 0, 2, 0, 2) 1
x(0, 0, 0, 0, 2, 0, 3) 1
x(0, 0, 0, 0, 2, 0, 4) 1
x(0, 0, 0, 0, 2, 1, 0) 1
x(0, 0, 0, 0, 2, 1, 1) 1
x(0, 0, 0, 0, 2, 1, 2) 1
x(0, 0, 0, 0, 2, 1, 3) 1
x(0, 0, 0, 0, 2, 2, 0) 1
x(0, 0, 0, 0, 2, 2, 1) 1
x(0, 0, 0, 0, 2, 2, 2) 1
x(0, 0, 0, 0, 2, 3, 0) 1
x(0, 0, 0, 0, 2, 3, 1) 1
x(0, 0, 0, 0, 2, 4, 0) 1
x(0, 0, 0, 0, 3, 0, 0) 1
x(0, 0, 0, 0, 3, 0, 1) 1
x(0, 0, 0, 0, 3, 0, 2) 1
x(0, 0, 0, 0, 3, 0, 3) 1
x(0, 0, 0, 0, 3, 1, 0) 1
x(0, 0, 0, 0, 3, 1, 1) 1
x(0, 0, 0, 0, 3, 1, 2) 1
x(0, 0, 0, 0, 3, 2, 0) 1
x(0, 0, 0, 0, 3, 2, 1) 1
x(0, 0, 0, 0, 3, 3, 0) 1
x(0, 0, 0, 0, 4, 0, 0) 1
x(0, 0, 0, 0, 4, 0, 1) 1
x(0, 0, 0, 0, 4, 0, 2) 1
x(0, 0, 0, 0, 4, 1, 0) 1
x(0, 0, 0, 0, 4, 1, 1) 1
x(0, 0, 0, 0, 4, 2, 0) 1
x(0, 0, 0, 0, 5, 0, 0) 1
x(0, 0, 0, 0, 5, 0, 1) 1
x(0, 0, 0, 0, 5, 1, 0) 1
x(0, 0, 0, 0, 6, 0, 0) 1
x(0, 0, 0, 1, 0, 0, 0) 1
x(0, 0, 0, 1, 0, 0, 1) 1
x(0, 0, 0, 1, 0, 0, 2) 1
x(0, 0, 0, 1, 0, 0, 3) 1
x(0, 0, 0, 1, 0, 0, 4) 1
x(0, 0, 0, 1, 0, 0, 5) 1
x(0, 0, 0, 1, 0, 1, 0) 1
x(0, 0, 0, 1, 0, 1, 1) 1
x(0, 0, 0, 1, 0, 1, 2) 1
x(0, 0, 0, 1, 0, 1, 3) 1
x(0, 0, 0, 1, 0, 1, 4) 1
x(0, 0, 0, 1, 0, 2, 0) 1
x(0, 0, 0, 1, 0, 2, 1) 1
x(0, 0, 0, 1, 0, 2, 2) 1
x(0, 0, 0, 1, 0, 2, 3) 1
x(0, 0, 0, 1, 0, 3, 0) 1
x(0, 0, 0, 1, 0, 3, 1) 1
x(0, 0, 0, 1, 0, 3, 2) 1
x(0, 0, 0, 1, 0, 4, 0) 1
x(0, 0, 0, 1, 0, 4, 1) 1
x(0, 0, 0, 1, 0, 5, 0) 1
x(0, 0, 0, 1, 1, 0, 0) 1
x(0, 0, 0, 1, 1, 0, 1) 1
x(0, 0, 0, 1, 1, 0, 2) 1
x(0, 0, 0, 1, 1, 0, 3) 1
x(0, 0, 0, 1, 1, 0, 4) 1
x(0, 0, 0, 1, 1, 1, 0) 1
x(0, 0, 0, 1, 1, 1, 1) 1
x(0, 0, 0, 1, 1, 1, 2) 1
x(0, 0, 0, 1, 1, 1, 3) 1
x(0, 0, 0, 1, 1, 2, 0) 1
x(0, 0, 0, 1, 1, 2, 1) 1
x(0, 0, 0, 1, 1, 2, 2) 1
x(0, 0, 0, 1, 1, 3, 0) 1
x(0, 0, 0, 1, 1, 3, 1) 1
x(0, 0, 0, 1, 1, 4, 0) 1
x(0, 0, 0, 1, 2, 0, 0) 1
x(0, 0, 0, 1, 2, 0, 1) 1
x(0, 0, 0, 1, 2, 0, 2) 1
x(0, 0, 0, 1, 2, 0, 3) 1
x(0, 0, 0, 1, 2, 1, 0) 1
x(0, 0, 0, 1, 2, 1, 1) 1
x(0, 0, 0, 1, 2, 1, 2) 1
x(0, 0, 0, 1, 2, 2, 0) 1
x(0, 0, 0, 1, 2, 2, 1) 1
x(0, 0, 0, 1, 2, 3, 0) 1
x(0, 0, 0, 1, 3, 0, 0) 1
x(0, 0, 0, 1, 3, 0, 1) 1
x(0, 0, 0, 1, 3, 0, 2) 1
x(0, 0, 0, 1, 3, 1, 0) 1
x(0, 0, 0, 1, 3, 1, 1) 1
x(0, 0, 0, 1, 3, 2, 0) 1
x(0, 0, 0, 1, 4, 0, 0) 1
x(0, 0, 0, 1, 4, 0, 1) 1
x(0, 0, 0, 1, 4, 1, 0) 1
x(0, 0, 0, 1, 5, 0, 0) 1
x(0, 0, 0, 2, 0, 0, 0) 1
x(0, 0, 0, 2, 0, 0, 1) 1
x(0, 0, 0, 2, 0, 0, 2) 1
x(0, 0, 0, 2, 0, 0, 3) 1
x(0, 0, 0, 2, 0, 1, 0) 1
x(0, 0, 0, 2, 0, 1, 1) 1
x(0, 0, 0, 2, 0, 1, 2) 1
x(0, 0, 0, 2, 0, 2, 0) 1
x(0, 0, 0, 2, 0, 2, 1) 1
x(0, 0, 0, 2, 0, 3, 0) 1
x(0, 0, 0, 2, 1, 0, 0) 1
x(0, 0, 0, 2, 1, 0, 1) 1
x(0, 0, 0, 2, 1, 0, 2) 1
x(0, 0, 0, 2, 1, 1, 0) 1
x(0, 0, 0, 2, 1, 1, 1) 1
x(0, 0, 0, 2, 1, 2, 0) 1
x(0, 0, 0, 2, 2, 0, 0) 1
x(0, 0, 0, 2, 2, 0, 1) 1
x(0, 0, 0, 2, 2, 1, 0) 1
x(0, 0, 0, 2, 3, 0, 0) 1
x(0, 0, 0, 3, 0, 0, 0) 1
x(0, 0, 0, 3, 0, 0, 1) 1
x(0, 0, 0, 3, 0, 1, 0) 1
x(0, 0, 0, 3, 1, 0, 0) 1
x(0, 0, 1, 0, 0, 0, 0) 1
x(0, 0, 1, 0, 0, 0, 1) 1
x(0, 0, 1, 0, 0, 0, 2) 1
x(0, 0, 1, 0, 0, 0, 3) 1
x(0, 0, 1, 0, 0, 0, 4) 1
x(0, 0, 1, 0, 0, 0, 5) 1
x(0, 0, 1, 0, 0, 1, 0) 1
x(0, 0, 1, 0, 0, 1, 1) 1
x(0, 0, 1, 0, 0, 1, 2) 1
x(0, 0, 1, 0, 0, 1, 3) 1
x(0, 0, 1, 0, 0, 1, 4) 1
x(0, 0, 1, 0, 0, 2, 0) 1
x(0, 0, 1, 0, 0, 2, 1) 1
x(0, 0, 1, 0, 0, 2, 2) 1
x(0, 0, 1, 0, 0, 2, 3) 1
x(0, 0, 1, 0, 0, 3, 0) 1
x(0, 0, 1, 0, 0, 3, 1) 1
x(0, 0, 1, 0, 0, 3, 2) 1
x(0, 0, 1, 0, 0, 4, 0) 1
x(0, 0, 1, 0, 0, 4, 1) 1
x(0, 0, 1, 0, 0, 5, 0) 1
x(0, 0, 1, 0, 1, 0, 0) 1
x(0, 0, 1, 0, 1, 0, 1) 1
x(0, 0, 1, 0, 1, 0, 2) 1
x(0, 0, 1, 0, 1, 0, 3) 1
x(0, 0, 1, 0, 1, 0, 4) 1
x(0, 0, 1, 0, 1, 1, 0) 1
x(0, 0, 1, 0, 1, 1, 1) 1
x(0, 0, 1, 0, 1, 1, 2) 1
x(0, 0, 1, 0, 1, 1, 3) 1
x(0, 0, 1, 0, 1, 2, 0) 1
x(0, 0, 1, 0, 1, 2, 1) 1
x(0, 0, 1, 0, 1, 2, 2) 1
x(0, 0, 1, 0, 1, 3, 0) 1
x(0, 0, 1, 0, 1, 3, 1) 1
x(0, 0, 1, 0, 1, 4, 0) 1
x(0, 0, 1, 0, 2, 0, 0) 1
x(0, 0, 1, 0, 2, 0, 1) 1
x(0, 0, 1, 0, 2, 0, 2) 1
x(0, 0, 1, 0, 2, 0, 3) 1
x(0, 0, 1, 0, 2, 1, 0) 1
x(0, 0, 1, 0, 2, 1, 1) 1
x(0, 0, 1, 0, 2, 1, 2) 1
x(0, 0, 1, 0, 2, 2, 0) 1
x(0, 0, 1, 0, 2, 2, 1) 1
x(0, 0, 1, 0, 2, 3, 0) 1
x(0, 0, 1, 0, 3, 0, 0) 1
x(0, 0, 1, 0, 3, 0, 1) 1
x(0, 0, 1, 0, 3, 0, 2) 1
x(0, 0, 1, 0, 3, 1, 0) 1
x(0, 0, 1, 0, 3, 1, 1) 1
x(0, 0, 1, 0, 3, 2, 0) 1
x(0, 0, 1, 0, 4, 0, 0) 1
x(0, 0, 1, 0, 4, 0, 1) 1
x(0, 0, 1, 0, 4, 1, 0) 1
x(0, 0, 1, 0, 5, 0, 0) 1
x(0, 0, 1, 1, 0, 0, 0) 1
x(0, 0, 1, 1, 0, 0, 1) 1
x(0, 0, 1, 1, 0, 0, 2) 1
x(0, 0, 1, 1, 0, 0, 3) 1
x(0, 0, 1, 1, 0, 0, 4) 1
x(0, 0, 1, 1, 0, 1, 0) 1
x(0, 0, 1, 1, 0, 1, 1) 1
x(0, 0, 1, 1, 0, 1, 2) 1
x(0, 0, 1, 1, 0, 1, 3) 1
x(0, 0, 1, 1, 0, 2, 0) 1
x(0, 0, 1, 1, 0, 2, 1) 1
x(0, 0, 1, 1, 0, 2, 2) 1
x(0, 0, 1, 1, 0, 3, 0) 1
x(0, 0, 1, 1, 0, 3, 1) 1
x(0, 0, 1, 1, 0, 4, 0) 1
x(0, 0, 1, 1, 1, 0, 0) 1
x(0, 0, 1, 1, 1, 0, 1) 1
x(0, 0, 1, 1, 1, 0, 2) 1
x(0, 0, 1, 1, 1, 0, 3) 1
x(0, 0, 1, 1, 1, 1, 0) 1
x(0, 0, 1, 1, 1, 1, 1) 1
x(0, 0, 1, 1, 1, 1, 2) 1
x(0, 0, 1, 1, 1, 2, 0) 1
x(0, 0, 1, 1, 1, 2, 1) 1
x(0, 0, 1, 1, 1, 3, 0) 1
x(0, 0, 1, 1, 2, 0, 0) 1
x(0, 0, 1, 1, 2, 0, 1) 1
x(0, 0, 1, 1, 2, 0, 2) 1
x(0, 0, 1, 1, 2, 1, 0) 1
x(0, 0, 1, 1, 2, 1, 1) 1
x(0, 0, 1, 1, 2, 2, 0) 1
x(0, 0, 1, 1, 3, 0, 0) 1
x(0, 0, 1, 1, 3, 0, 1) 1
x(0, 0, 1, 1, 3, 1, 0) 1
x(0, 0, 1, 2, 0, 0, 0) 1
x(0, 0, 1, 2, 0, 0, 1) 1
x(0, 0, 1, 2, 0, 0, 2) 1
x(0, 0, 1, 2, 0, 1, 0) 1
x(0, 0, 1, 2, 0, 1, 1) 1
x(0, 0, 1, 2, 0, 2, 0) 1
x(0, 0, 1, 2, 1, 0, 0) 1
x(0, 0, 1, 2, 1, 0, 1) 1
x(0, 0, 1, 2, 1, 1, 0) 1
x(0, 0, 1, 2, 2, 0, 0) 1
x(0, 0, 1, 3, 0, 0, 0) 1
x(0, 0, 2, 0, 0, 0, 0) 1
x(0, 0, 2, 0, 0, 0, 1) 1
x(0, 0, 2, 0, 0, 0, 2) 1
x(0, 0, 2, 0, 0, 0, 3) 1
x(0, 0, 2, 0, 0, 0, 4) 1
x(0, 0, 2, 0, 0, 1, 0) 1
x(0, 0, 2, 0, 0, 1, 1) 1
x(0, 0, 2, 0, 0, 1, 2) 1
x(0, 0, 2, 0, 0, 1, 3) 1
x(0, 0, 2, 0, 0, 2, 0) 1
x(0, 0, 2, 0, 0, 2, 1) 1
x(0, 0, 2, 0, 0, 2, 2) 1
x(0, 0, 2, 0, 0, 3, 0) 1
x(0, 0, 2, 0, 0, 3, 1) 1
x(0, 0, 2, 0, 0, 4, 0) 1
x(0, 0, 2, 0, 1, 0, 0) 1
x(0, 0, 2, 0, 1, 0, 1) 1
x(0, 0, 2, 0, 1, 0, 2) 1
x(0, 0, 2, 0, 1, 0, 3) 1
x(0, 0, 2, 0, 1, 1, 0) 1
x(0, 0, 2, 0, 1, 1, 1) 1
x(0, 0, 2, 0, 1, 1, 2) 1
x(0, 0, 2, 0, 1, 2, 0) 1
x(0, 0, 2, 0, 1, 2, 1) 1
x(0, 0, 2, 0, 1, 3, 0) 1
x(0, 0, 2, 0, 2, 0, 0) 1
x(0, 0, 2, 0, 2, 0, 1) 1
x(0, 0, 2, 0, 2, 0, 2) 1
x(0, 0, 2, 0, 2, 1, 0) 1
x(0, 0, 2, 0, 2, 1, 1) 1
x(0, 0, 2, 0, 2, 2, 0) 1
x(0, 0, 2, 0, 3, 0, 0) 1
x(0, 0, 2, 0, 3, 0, 1) 1
x(0, 0, 2, 0, 3, 1, 0) 1
x(0, 0, 2, 0, 4, 0, 0) 1
x(0, 0, 2, 1, 0, 0, 0) 1
x(0, 0, 2, 1, 0, 0, 1) 1
x(0, 0, 2, 1, 0, 0, 2) 1
x(0, 0, 2, 1, 0, 0, 3) 1
x(0, 0, 2, 1, 0, 1, 0) 1
x(0, 0, 2, 1, 0, 1, 1) 1
x(0, 0, 2, 1, 0, 1, 2) 1
x(0, 0, 2, 1, 0, 2, 0) 1
x(0, 0, 2, 1, 0, 2, 1) 1
x(0, 0, 2, 1, 0, 3, 0) 1
x(0, 0, 2, 1, 1, 0, 0) 1
x(0, 0, 2, 1, 1, 0, 1) 1
x(0, 0, 2, 1, 1, 0, 2) 1
x(0, 0, 2, 1, 1, 1, 0) 1
x(0, 0, 2, 1, 1, 1, 1) 1
x(0, 0, 2, 1, 1, 2, 0) 1
x(0, 0, 2, 1, 2, 0, 0) 1
x(0, 0, 2, 1, 2, 0, 1) 0.999996
x(0, 0, 2, 1, 2, 1, 0) 0.999996
x(0, 0, 2, 2, 0, 0, 0) 1
x(0, 0, 2, 2, 0, 0, 1) 1
x(0, 0, 2, 2, 0, 1, 0) 1
x(0, 0, 2, 2, 1, 0, 0) 1
x(0, 0, 3, 0, 0, 0, 0) 1
x(0, 0, 3, 0, 0, 0, 1) 1
x(0, 0, 3, 0, 0, 0, 2) 1
x(0, 0, 3, 0, 0, 0, 3) 1
x(0, 0, 3, 0, 0, 1, 0) 1
x(0, 0, 3, 0, 0, 1, 1) 1
x(0, 0, 3, 0, 0, 1, 2) 1
x(0, 0, 3, 0, 0, 2, 0) 1
x(0, 0, 3, 0, 0, 2, 1) 1
x(0, 0, 3, 0, 0, 3, 0) 1
x(0, 0, 3, 0, 1, 0, 0) 1
x(0, 0, 3, 0, 1, 0, 1) 1
x(0, 0, 3, 0, 1, 0, 2) 1
x(0, 0, 3, 0, 1, 1, 0) 1
x(0, 0, 3, 0, 1, 1, 1) 1
x(0, 0, 3, 0, 1, 2, 0) 1
x(0, 0, 3, 0, 2, 0, 0) 1
x(0, 0, 3, 0, 2, 0, 1) 1
x(0, 0, 3, 0, 2, 1, 0) 1
x(0, 0, 3, 0, 3, 0, 0) 1
x(0, 0, 3, 1, 0, 0, 0) 1
x(0, 0, 3, 1, 0, 0, 1) 1
x(0, 0, 3, 1, 0, 0, 2) 1
x(0, 0, 3, 1, 0, 1, 0) 1
x(0, 0, 3, 1, 0, 1, 1) 1
x(0, 0, 3, 1, 0, 2, 0) 1
x(0, 0, 3, 1, 1, 0, 0) 1
x(0, 0, 3, 2, 0, 0, 0) 1
x(0, 0, 4, 0, 0, 0, 0) 1
x(0, 0, 4, 0, 0, 0, 1) 1
x(0, 0, 4, 0, 0, 0, 2) 1
x(0, 0, 4, 0, 0, 1, 0) 1
x(0, 0, 4, 0, 0, 1, 1) 1
x(0, 0, 4, 0, 0, 2, 0) 1
x(0, 0, 4, 0, 1, 0, 0) 1
x(0, 0, 4, 0, 1, 0, 1) 1
x(0, 0, 4, 0, 1, 1, 0) 1
x(0, 0, 4, 0, 2, 0, 0) 1
x(0, 0, 4, 1, 0, 0, 0) 1
x(0, 0, 5, 0, 0, 0, 0) 1
x(0, 0, 5, 0, 0, 0, 1) 1
x(0, 0, 5, 0, 0, 1, 0) 1
x(0, 0, 5, 0, 1, 0, 0) 1
x(0, 0, 6, 0, 0, 0, 0) 1
x(0, 1, 0, 0, 0, 0, 0) 1
x(0, 1, 0, 0, 0, 0, 1) 1
x(0, 1, 0, 0, 0, 0, 2) 1
x(0, 1, 0, 0, 0, 0, 3) 1
x(0, 1, 0, 0, 0, 0, 4) 1
x(0, 1, 0, 0, 0, 0, 5) 1
x(0, 1, 0, 0, 0, 1, 0) 1
x(0, 1, 0, 0, 0, 1, 1) 1
x(0, 1, 0, 0, 0, 1, 2) 1
x(0, 1, 0, 0, 0, 1, 3) 1
x(0, 1, 0, 0, 0, 1, 4) 1
x(0, 1, 0, 0, 0, 2, 0) 1
x(0, 1, 0, 0, 0, 2, 1) 1
x(0, 1, 0, 0, 0, 2, 2) 1
x(0, 1, 0, 0, 0, 2, 3) 1
x(0, 1, 0, 0, 0, 3, 0) 1
x(0, 1, 0, 0, 0, 3, 1) 1
x(0, 1, 0, 0, 0, 3, 2) 1
x(0, 1, 0, 0, 0, 4, 0) 1
x(0, 1, 0, 0, 0, 4, 1) 1
x(0, 1, 0, 0, 0, 5, 0) 1
x(0, 1, 0, 0, 1, 0, 0) 1
x(0, 1, 0, 0, 1, 0, 1) 1
x(0, 1, 0, 0, 1, 0, 2) 1
x(0, 1, 0, 0, 1, 0, 3) 1
x(0, 1, 0, 0, 1, 0, 4) 1
x(0, 1, 0, 0, 1, 1, 0) 1
x(0, 1, 0, 0, 1, 1, 1) 1
x(0, 1, 0, 0, 1, 1, 2) 1
x(0, 1, 0, 0, 1, 1, 3) 1
x(0, 1, 0, 0, 1, 2, 0) 1
x(0, 1, 0, 0, 1, 2, 1) 1
x(0, 1, 0, 0, 1, 2, 2) 1
x(0, 1, 0, 0, 1, 3, 0) 1
x(0, 1, 0, 0, 1, 3, 1) 1
x(0, 1, 0, 0, 1, 4, 0) 1
x(0, 1, 0, 0, 2, 0, 0) 1
x(0, 1, 0, 0, 2, 0, 1) 1
x(0, 1, 0, 0, 2, 0, 2) 1
x(0, 1, 0, 0, 2, 0, 3) 1
x(0, 1, 0, 0, 2, 1, 0) 1
x(0, 1, 0, 0, 2, 1, 1) 1
x(0, 1, 0, 0, 2, 1, 2) 1
x(0, 1, 0, 0, 2, 2, 0) 1
x(0, 1, 0, 0, 2, 2, 1) 1
x(0, 1, 0, 0, 2, 3, 0) 1
x(0, 1, 0, 0, 3, 0, 0) 1
x(0, 1, 0, 0, 3, 0, 1) 1
x(0, 1, 0, 0, 3, 0, 2) 1
x(0, 1, 0, 0, 3, 1, 0) 1
x(0, 1, 0, 0, 3, 1, 1) 1
x(0, 1, 0, 0, 3, 2, 0) 1
x(0, 1, 0, 0, 4, 0, 0) 1
x(0, 1, 0, 0, 4, 0, 1) 1
x(0, 1, 0, 0, 4, 1, 0) 1
x(0, 1, 0, 0, 5, 0, 0) 1
x(0, 1, 0, 1, 0, 0, 0) 1
x(0, 1, 0, 1, 0, 0, 1) 1
x(0, 1, 0, 1, 0, 0, 2) 1
x(0, 1, 0, 1, 0, 0, 3) 1
x(0, 1, 0, 1, 0, 0, 4) 1
x(0, 1, 0, 1, 0, 1, 0) 1
x(0, 1, 0, 1, 0, 1, 1) 1
x(0, 1, 0, 1, 0, 1, 2) 1
x(0, 1, 0, 1, 0, 1, 3) 1
x(0, 1, 0, 1, 0, 2, 0) 1
x(0, 1, 0, 1, 0, 2, 1) 1
x(0, 1, 0, 1, 0, 2, 2) 1
x(0, 1, 0, 1, 0, 3, 0) 1
x(0, 1, 0, 1, 0, 3, 1) 1
x(0, 1, 0, 1, 0, 4, 0) 1
x(0, 1, 0, 1, 1, 0, 0) 1
x(0, 1, 0, 1, 1, 0, 1) 1
x(0, 1, 0, 1, 1, 0, 2) 1
x(0, 1, 0, 1, 1, 0, 3) 1
x(0, 1, 0, 1, 1, 1, 0) 1
x(0, 1, 0, 1, 1, 1, 1) 1
x(0, 1, 0, 1, 1, 1, 2) 1
x(0, 1, 0, 1, 1, 2, 0) 1
x(0, 1, 0, 1, 1, 2, 1) 1
x(0, 1, 0, 1, 1, 3, 0) 1
x(0, 1, 0, 1, 2, 0, 0) 1
x(0, 1, 0, 1, 2, 0, 1) 1
x(0, 1, 0, 1, 2, 0, 2) 1
x(0, 1, 0, 1, 2, 1, 0) 1
x(0, 1, 0, 1, 2, 1, 1) 1
x(0, 1, 0, 1, 2, 2, 0) 1
x(0, 1, 0, 1, 3, 0, 0) 1
x(0, 1, 0, 2, 0, 0, 0) 1
x(0, 1, 0, 2, 0, 0, 1) 1
x(0, 1, 0, 2, 0, 0, 2) 1
x(0, 1, 0, 2, 0, 1, 0) 1
x(0, 1, 0, 2, 0, 1, 1) 1
x(0, 1, 0, 2, 0, 2, 0) 1
x(0, 1, 0, 2, 1, 0, 0) 1
x(0, 1, 0, 2, 1, 0, 1) 1
x(0, 1, 0, 2, 1, 1, 0) 1
x(0, 1, 0, 2, 2, 0, 0) 1
x(0, 1, 0, 3, 0, 0, 0) 1
x(0, 1, 1, 0, 0, 0, 0) 1
x(0, 1, 1, 0, 0, 0, 1) 1
x(0, 1, 1, 0, 0, 0, 2) 1
x(0, 1, 1, 0, 0, 0, 3) 1
x(0, 1, 1, 0, 0, 0, 4) 1
x(0, 1, 1, 0, 0, 1, 0) 1
x(0, 1, 1, 0, 0, 1, 1) 1
x(0, 1, 1, 0, 0, 1, 2) 1
x(0, 1, 1, 0, 0, 1, 3) 1
x(0, 1, 1, 0, 0, 2, 0) 1
x(0, 1, 1, 0, 0, 2, 1) 1
x(0, 1, 1, 0, 0, 2, 2) 1
x(0, 1, 1, 0, 0, 3, 0) 1
x(0, 1, 1, 0, 0, 3, 1) 1
x(0, 1, 1, 0, 0, 4, 0) 1
x(0, 1, 1, 0, 1, 0, 0) 1
x(0, 1, 1, 0, 1, 0, 1) 1
x(0, 1, 1, 0, 1, 0, 2) 1
x(0, 1, 1, 0, 1, 0, 3) 1
x(0, 1, 1, 0, 1, 1, 0) 1
x(0, 1, 1, 0, 1, 1, 1) 1
x(0, 1, 1, 0, 1, 1, 2) 1
x(0, 1, 1, 0, 1, 2, 0) 1
x(0, 1, 1, 0, 1, 2, 1) 1
x(0, 1, 1, 0, 1, 3, 0) 1
x(0, 1, 1, 0, 2, 0, 0) 1
x(0, 1, 1, 0, 2, 0, 1) 1
x(0, 1, 1, 0, 2, 0, 2) 1
x(0, 1, 1, 0, 2, 1, 0) 1
x(0, 1, 1, 0, 2, 1, 1) 1
x(0, 1, 1, 0, 2, 2, 0) 1
x(0, 1, 1, 0, 3, 0, 0) 1
x(0, 1, 1, 0, 3, 0, 1) 1
x(0, 1, 1, 0, 3, 1, 0) 1
x(0, 1, 1, 0, 4, 0, 0) 1
x(0, 1, 1, 1, 0, 0, 0) 1
x(0, 1, 1, 1, 0, 0, 1) 1
x(0, 1, 1, 1, 0, 0, 2) 1
x(0, 1, 1, 1, 0, 0, 3) 1
x(0, 1, 1, 1, 0, 1, 0) 1
x(0, 1, 1, 1, 0, 1, 1) 1
x(0, 1, 1, 1, 0, 1, 2) 1
x(0, 1, 1, 1, 0, 2, 0) 1
x(0, 1, 1, 1, 0, 2, 1) 1
x(0, 1, 1, 1, 0, 3, 0) 1
x(0, 1, 1, 1, 1, 0, 0) 1
x(0, 1, 1, 1, 1, 0, 1) 1
x(0, 1, 1, 1, 1, 0, 2) 0.999998
x(0, 1, 1, 1, 1, 1, 0) 1
x(0, 1, 1, 1, 1, 2, 0) 0.999998
x(0, 1, 1, 1, 2, 0, 0) 1
x(0, 1, 1, 2, 0, 0, 0) 1
x(0, 1, 1, 2, 0, 0, 1) 1
x(0, 1, 1, 2, 0, 1, 0) 1
x(0, 1, 1, 2, 1, 0, 0) 1
x(0, 1, 2, 0, 0, 0, 0) 1
x(0, 1, 2, 0, 0, 0, 1) 1
x(0, 1, 2, 0, 0, 0, 2) 1
x(0, 1, 2, 0, 0, 0, 3) 1
x(0, 1, 2, 0, 0, 1, 0) 1
x(0, 1, 2, 0, 0, 1, 1) 1
x(0, 1, 2, 0, 0, 1, 2) 1
x(0, 1, 2, 0, 0, 2, 0) 1
x(0, 1, 2, 0, 0, 2, 1) 1
x(0, 1, 2, 0, 0, 3, 0) 1
x(0, 1, 2, 0, 1, 0, 0) 1
x(0, 1, 2, 0, 1, 0, 1) 1
x(0, 1, 2, 0, 1, 0, 2) 1
x(0, 1, 2, 0, 1, 1, 0) 1
x(0, 1, 2, 0, 1, 1, 1) 1
x(0, 1, 2, 0, 1, 2, 0) 1
x(0, 1, 2, 0, 2, 0, 0) 1
x(0, 1, 2, 0, 2, 0, 1) 1
x(0, 1, 2, 0, 2, 1, 0) 1
x(0, 1, 2, 0, 3, 0, 0) 1
x(0, 1, 2, 1, 0, 0, 0) 1
x(0, 1, 2, 1, 0, 0, 1) 1
x(0, 1, 2, 1, 0, 1, 0) 1
x(0, 1, 2, 1, 1, 0, 0) 1
x(0, 1, 2, 2, 0, 0, 0) 1
x(0, 1, 3, 0, 0, 0, 0) 1
x(0, 1, 3, 0, 0, 0, 1) 1
x(0, 1, 3, 0, 0, 0, 2) 1
x(0, 1, 3, 0, 0, 1, 0) 1
x(0, 1, 3, 0, 0, 1, 1) 1
x(0, 1, 3, 0, 0, 2, 0) 1
x(0, 1, 3, 0, 1, 0, 0) 1
x(0, 1, 3, 0, 1, 0, 1) 1
x(0, 1, 3, 0, 1, 1, 0) 1
x(0, 1, 3, 0, 2, 0, 0) 1
x(0, 1, 3, 1, 0, 0, 0) 1
x(0, 1, 4, 0, 0, 0, 0) 1
x(0, 1, 4, 0, 0, 0, 1) 1
x(0, 1, 4, 0, 0, 1, 0) 1
x(0, 1, 4, 0, 1, 0, 0) 1
x(0, 1, 5, 0, 0, 0, 0) 1
x(0, 2, 0, 0, 0, 0, 0) 1
x(0, 2, 0, 0, 0, 0, 1) 1
x(0, 2, 0, 0, 0, 0, 2) 1
x(0, 2, 0, 0, 0, 0, 3) 1
x(0, 2, 0, 0, 0, 0, 4) 1
x(0, 2, 0, 0, 0, 1, 0) 1
x(0, 2, 0, 0, 0, 1, 1) 1
x(0, 2, 0, 0, 0, 1, 2) 1
x(0, 2, 0, 0, 0, 1, 3) 1
x(0, 2, 0, 0, 0, 2, 0) 1
x(0, 2, 0, 0, 0, 2, 1) 1
x(0, 2, 0, 0, 0, 2, 2) 1
x(0, 2, 0, 0, 0, 3, 0) 1
x(0, 2, 0, 0, 0, 3, 1) 1
x(0, 2, 0, 0, 0, 4, 0) 1
x(0, 2, 0, 0, 1, 0, 0) 1
x(0, 2, 0, 0, 1, 0, 1) 1
x(0, 2, 0, 0, 1, 0, 2) 1
x(0, 2, 0, 0, 1, 0, 3) 1
x(0, 2, 0, 0, 1, 1, 0) 1
x(0, 2, 0, 0, 1, 1, 1) 1
x(0, 2, 0, 0, 1, 1, 2) 1
x(0, 2, 0, 0, 1, 2, 0) 1
x(0, 2, 0, 0, 1, 2, 1) 1
x(0, 2, 0, 0, 1, 3, 0) 1
x(0, 2, 0, 0, 2, 0, 0) 1
x(0, 2, 0, 0, 2, 0, 1) 1
x(0, 2, 0, 0, 2, 0, 2) 1
x(0, 2, 0, 0, 2, 1, 0) 1
x(0, 2, 0, 0, 2, 1, 1) 1
x(0, 2, 0, 0, 2, 2, 0) 1
x(0, 2, 0, 0, 3, 0, 0) 1
x(0, 2, 0, 0, 3, 0, 1) 1
x(0, 2, 0, 0, 3, 1, 0) 1
x(0, 2, 0, 0, 4, 0, 0) 1
x(0, 2, 0, 1, 0, 0, 0) 1
x(0, 2, 0, 1, 0, 0, 1) 1
x(0, 2, 0, 1, 0, 0, 2) 1
x(0, 2, 0, 1, 0, 0, 3) 1
x(0, 2, 0, 1, 0, 1, 0) 1
x(0, 2, 0, 1, 0, 1, 1) 1
x(0, 2, 0, 1, 0, 1, 2) 1
x(0, 2, 0, 1, 0, 2, 0) 1
x(0, 2, 0, 1, 0, 2, 1) 1
x(0, 2, 0, 1, 0, 3, 0) 1
x(0, 2, 0, 1, 1, 0, 0) 1
x(0, 2, 0, 1, 1, 0, 1) 1
x(0, 2, 0, 1, 1, 1, 0) 1
x(0, 2, 0, 1, 2, 0, 0) 1
x(0, 2, 0, 2, 0, 0, 0) 1
x(0, 2, 0, 2, 0, 0, 1) 1
x(0, 2, 0, 2, 0, 1, 0) 1
x(0, 2, 0, 2, 1, 0, 0) 1
x(0, 2, 1, 0, 0, 0, 0) 1
x(0, 2, 1, 0, 0, 0, 1) 1
x(0, 2, 1, 0, 0, 0, 2) 1
x(0, 2, 1, 0, 0, 0, 3) 1
x(0, 2, 1, 0, 0, 1, 0) 1
x(0, 2, 1, 0, 0, 1, 1) 1
x(0, 2, 1, 0, 0, 1, 2) 1
x(0, 2, 1, 0, 0, 2, 0) 1
x(0, 2, 1, 0, 0, 2, 1) 1
x(0, 2, 1, 0, 0, 3, 0) 1
x(0, 2, 1, 0, 1, 0, 0) 1
x(0, 2, 1, 0, 1, 0, 1) 1
x(0, 2, 1, 0, 1, 0, 2) 1
x(0, 2, 1, 0, 1, 1, 0) 1
x(0, 2, 1, 0, 1, 1, 1) 1
x(0, 2, 1, 0, 1, 2, 0) 1
x(0, 2, 1, 0, 2, 0, 0) 1
x(0, 2, 1, 0, 2, 0, 1) 1
x(0, 2, 1, 0, 2, 1, 0) 1
x(0, 2, 1, 0, 3, 0, 0) 1
x(0, 2, 1, 1, 0, 0, 0) 1
x(0, 2, 1, 1, 0, 0, 1) 1
x(0, 2, 1, 1, 0, 1, 0) 1
x(0, 2, 1, 1, 1, 0, 0) 1
x(0, 2, 1, 2, 0, 0, 0) 1
x(0, 2, 2, 0, 0, 0, 0) 1
x(0, 2, 2, 0, 0, 0, 1) 1
x(0, 2, 2, 0, 0, 0, 2) 1
x(0, 2, 2, 0, 0, 1, 0) 1
x(0, 2, 2, 0, 0, 1, 1) 1
x(0, 2, 2, 0, 0, 2, 0) 1
x(0, 2, 2, 0, 1, 0, 0) 1
x(0, 2, 2, 0, 1, 0, 1) 1
x(0, 2, 2, 0, 1, 1, 0) 1
x(0, 2, 2, 0, 2, 0, 0) 1
x(0, 2, 2, 1, 0, 0, 0) 1
x(0, 2, 3, 0, 0, 0, 0) 1
x(0, 2, 3, 0, 0, 0, 1) 1
x(0, 2, 3, 0, 0, 1, 0) 1
x(0, 2, 3, 0, 1, 0, 0) 1
x(0, 2, 4, 0, 0, 0, 0) 1
x(0, 3, 0, 0, 0, 0, 0) 1
x(0, 3, 0, 0, 0, 0, 1) 1
x(0, 3, 0, 0, 0, 0, 2) 1
x(0, 3, 0, 0, 0, 0, 3) 1
x(0, 3, 0, 0, 0, 1, 0) 1
x(0, 3, 0, 0, 0, 1, 1) 1
x(0, 3, 0, 0, 0, 1, 2) 1
x(0, 3, 0, 0, 0, 2, 0) 1
x(0, 3, 0, 0, 0, 2, 1) 1
x(0, 3, 0, 0, 0, 3, 0) 1
x(0, 3, 0, 0, 1, 0, 0) 1
x(0, 3, 0, 0, 1, 0, 1) 1
x(0, 3, 0, 0, 1, 0, 2) 1
x(0, 3, 0, 0, 1, 1, 0) 1
x(0, 3, 0, 0, 1, 1, 1) 1
x(0, 3, 0, 0, 1, 2, 0) 1
x(0, 3, 0, 0, 2, 0, 0) 1
x(0, 3, 0, 0, 2, 0, 1) 1
x(0, 3, 0, 0, 2, 1, 0) 1
x(0, 3, 0, 0, 3, 0, 0) 1
x(0, 3, 0, 1, 0, 0, 0) 1
x(0, 3, 0, 1, 0, 0, 1) 1
x(0, 3, 0, 1, 0, 1, 0) 1
x(0, 3, 0, 1, 1, 0, 0) 1
x(0, 3, 0, 2, 0, 0, 0) 1
x(0, 3, 1, 0, 0, 0, 0) 1
x(0, 3, 1, 0, 0, 0, 1) 1
x(0, 3, 1, 0, 0, 0, 2) 1
x(0, 3, 1, 0, 0, 1, 0) 1
x(0, 3, 1, 0, 0, 1, 1) 1
x(0, 3, 1, 0, 0, 2, 0) 1
x(0, 3, 1, 0, 1, 0, 0) 1
x(0, 3, 1, 0, 1, 0, 1) 1
x(0, 3, 1, 0, 1, 1, 0) 1
x(0, 3, 1, 0, 2, 0, 0) 1
x(0, 3, 1, 1, 0, 0, 0) 1
x(0, 3, 2, 0, 0, 0, 0) 1
x(0, 3, 2, 0, 0, 0, 1) 1
x(0, 3, 2, 0, 0, 1, 0) 1
x(0, 3, 2, 0, 1, 0, 0) 1
x(0, 3, 3, 0, 0, 0, 0) 1
x(0, 4, 0, 0, 0, 0, 0) 1
x(0, 4, 0, 0, 0, 0, 1) 1
x(0, 4, 0, 0, 0, 0, 2) 1
x(0, 4, 0, 0, 0, 1, 0) 1
x(0, 4, 0, 0, 0, 1, 1) 1
x(0, 4, 0, 0, 0, 2, 0) 1
x(0, 4, 0, 0, 1, 0, 0) 1
x(0, 4, 0, 0, 1, 0, 1) 1
x(0, 4, 0, 0, 1, 1, 0) 1
x(0, 4, 0, 0, 2, 0, 0) 1
x(0, 4, 0, 1, 0, 0, 0) 1
x(0, 4, 1, 0, 0, 0, 0) 1
x(0, 4, 1, 0, 0, 0, 1) 1
x(0, 4, 1, 0, 0, 1, 0) 1
x(0, 4, 1, 0, 1, 0, 0) 1
x(0, 4, 2, 0, 0, 0, 0) 1
x(0, 5, 0, 0, 0, 0, 0) 1
x(0, 5, 0, 0, 0, 0, 1) 1
x(0, 5, 0, 0, 0, 1, 0) 1
x(0, 5, 0, 0, 1, 0, 0) 1
x(0, 5, 1, 0, 0, 0, 0) 1
x(0, 6, 0, 0, 0, 0, 0) 1
x(1, 0, 0, 0, 0, 0, 0) 1
s[0] 0.857143
s[1] 0.160698
s[2] 0.153576
s[3] 0.250003
s[4] 0.149999
s[5] 0.142867
s[6] 0.142867
y(0, 0, 2, 1, 2, 1, 0) 0.499998
y(0, 2, 0, 1, 0, 0, 3) 0.333333
y(0, 2, 0, 1, 0, 3, 0) 0.166666
Obj: 0