n0 27
n3 2
n5 2
n6 1
x(0, 0, 0, 0, 0, 0, 0) 1
x(0, 0, 0, 0, 0, 0, 1) 1
x(0, 0, 0, 0, 0, 0, 2) 1
x(0, 0, 0, 0, 0, 1, 0) 1
x(0, 0, 0, 0, 0, 1, 1) 1
x(0, 0, 0, 0, 0, 2, 0) 1
x(0, 0, 0, 0, 0, 3, 0) 1
x(0, 0, 0, 0, 1, 0, 0) 1
x(0, 0, 0, 0, 1, 0, 1) 1
x(0, 0, 0, 0, 1, 1, 0) 1
x(0, 0, 0, 0, 1, 2, 0) 1
x(0, 0, 0, 0, 2, 0, 0) 1
x(0, 0, 0, 0, 2, 1, 0) 1
x(0, 0, 0, 0, 3, 0, 0) 1
x(0, 0, 0, 1, 0, 0, 0) 1
x(0, 0, 0, 1, 0, 0, 1) 1
x(0, 0, 0, 1, 0, 1, 0) 1
x(0, 0, 0, 1, 0, 2, 0) 1
x(0, 0, 0, 1, 1, 0, 0) 1
x(0, 0, 0, 1, 1, 1, 0) 1
x(0, 0, 0, 1, 2, 0, 0) 1
x(0, 0, 0, 2, 0, 0, 0) 1
x(0, 0, 0, 2, 0, 1, 0) 1
x(0, 0, 0, 2, 1, 0, 0) 1
x(0, 0, 0, 3, 0, 0, 0) 1
x(0, 0, 1, 0, 0, 0, 0) 1
x(0, 0, 1, 0, 0, 0, 1) 1
x(0, 0, 1, 0, 0, 1, 0) 1
x(0, 0, 1, 0, 0, 2, 0) 1
x(0, 0, 1, 0, 1, 0, 0) 1
x(0, 0, 1, 0, 1, 1, 0) 1
x(0, 0, 1, 0, 2, 0, 0) 1
x(0, 0, 1, 1, 0, 0, 0) 1
x(0, 0, 1, 1, 0, 1, 0) 1
x(0, 0, 1, 1, 1, 0, 0) 1
x(0, 0, 1, 2, 0, 0, 0) 1
x(0, 0, 2, 0, 0, 0, 0) 1
x(0, 0, 2, 0, 0, 0, 1) 1
x(0, 0, 2, 0, 0, 1, 0) 1
x(0, 0, 2, 0, 1, 0, 0) 1
x(0, 0, 2, 1, 0, 0, 0) 1
x(0, 0, 3, 0, 0, 0, 0) 1
x(0, 0, 3, 0, 1, 0, 0) 1
x(0, 0, 3, 1, 0, 0, 0) 1
x(0, 0, 4, 0, 0, 0, 0) 1
x(0, 1, 0, 0, 0, 0, 0) 1
x(0, 1, 0, 0, 0, 0, 1) 1
x(0, 1, 0, 0, 0, 1, 0) 1
x(0, 1, 0, 0, 0, 2, 0) 1
x(0, 1, 0, 0, 1, 0, 0) 1
x(0, 1, 0, 0, 1, 1, 0) 1
x(0, 1, 0, 0, 2, 0, 0) 1
x(0, 1, 0, 1, 0, 0, 0) 1
x(0, 1, 0, 1, 0, 1, 0) 1
x(0, 1, 0, 1, 1, 0, 0) 1
x(0, 1, 0, 2, 0, 0, 0) 1
x(0, 1, 1, 0, 0, 0, 0) 1
x(0, 1, 1, 0, 0, 0, 1) 1
x(0, 1, 1, 0, 0, 1, 0) 1
x(0, 1, 1, 0, 1, 0, 0) 1
x(0, 1, 1, 1, 0, 0, 0) 1
x(0, 1, 2, 0, 0, 0, 0) 1
x(0, 1, 2, 0, 1, 0, 0) 1
x(0, 1, 2, 1, 0, 0, 0) 1
x(0, 1, 3, 0, 0, 0, 0) 1
x(0, 2, 0, 0, 0, 0, 0) 1
x(0, 2, 0, 0, 0, 0, 1) 1
x(0, 2, 0, 0, 0, 1, 0) 1
x(0, 2, 0, 0, 1, 0, 0) 1
x(0, 2, 0, 1, 0, 0, 0) 1
x(0, 2, 1, 0, 0, 0, 0) 1
x(0, 2, 1, 0, 1, 0, 0) 1
x(0, 2, 1, 1, 0, 0, 0) 1
x(0, 2, 2, 0, 0, 0, 0) 1
x(0, 3, 0, 0, 0, 0, 0) 1
x(0, 3, 0, 0, 1, 0, 0) 1
x(0, 3, 0, 1, 0, 0, 0) 1
x(0, 3, 1, 0, 0, 0, 0) 1
x(0, 4, 0, 0, 0, 0, 0) 1
x(1, 0, 0, 0, 0, 0, 0) 1
x(1, 0, 0, 0, 0, 0, 1) 1
x(1, 0, 0, 0, 0, 1, 0) 1
x(1, 0, 0, 0, 0, 2, 0) 1
x(1, 0, 0, 0, 1, 0, 0) 1
x(1, 0, 0, 0, 1, 0, 1) 1
x(1, 0, 0, 0, 1, 1, 0) 1
x(1, 0, 0, 0, 2, 0, 0) 1
x(1, 0, 0, 1, 0, 0, 0) 1
x(1, 0, 0, 1, 0, 0, 1) 1
x(1, 0, 0, 1, 0, 1, 0) 1
x(1, 0, 0, 1, 1, 0, 0) 1
x(1, 0, 0, 2, 0, 0, 0) 1
x(1, 0, 1, 0, 0, 0, 0) 1
x(1, 0, 1, 0, 0, 0, 1) 1
x(1, 0, 1, 0, 0, 1, 0) 1
x(1, 0, 1, 0, 1, 0, 0) 1
x(1, 0, 1, 1, 0, 0, 0) 1
x(1, 0, 2, 0, 0, 0, 0) 1
x(1, 0, 2, 0, 0, 1, 0) 1
x(1, 0, 2, 0, 1, 0, 0) 1
x(1, 0, 2, 1, 0, 0, 0) 1
x(1, 0, 3, 0, 0, 0, 0) 1
x(1, 1, 0, 0, 0, 0, 0) 1
x(1, 1, 0, 0, 0, 0, 1) 1
x(1, 1, 0, 0, 0, 1, 0) 1
x(1, 1, 0, 0, 1, 0, 0) 1
x(1, 1, 0, 1, 0, 0, 0) 1
x(1, 1, 1, 0, 0, 0, 0) 1
x(1, 1, 1, 0, 0, 1, 0) 1
x(1, 1, 1, 0, 1, 0, 0) 1
x(1, 1, 1, 1, 0, 0, 0) 1
x(1, 1, 2, 0, 0, 0, 0) 1
x(1, 2, 0, 0, 0, 0, 0) 1
x(1, 2, 0, 0, 0, 1, 0) 1
x(1, 2, 0, 0, 1, 0, 0) 1
x(1, 2, 0, 1, 0, 0, 0) 1
x(1, 2, 1, 0, 0, 0, 0) 1
x(1, 3, 0, 0, 0, 0, 0) 1
x(2, 0, 0, 0, 0, 0, 0) 1
x(2, 0, 0, 0, 0, 0, 1) 1
x(2, 0, 0, 0, 0, 1, 0) 1
x(2, 0, 0, 0, 1, 0, 0) 1
x(2, 0, 0, 0, 2, 0, 0) 1
x(2, 0, 0, 1, 0, 0, 0) 1
x(2, 0, 0, 1, 0, 1, 0) 1
x(2, 0, 0, 1, 1, 0, 0) 1
x(2, 0, 0, 2, 0, 0, 0) 1
x(2, 0, 1, 0, 0, 0, 0) 1
x(2, 0, 1, 0, 0, 1, 0) 1
x(2, 0, 1, 0, 1, 0, 0) 1
x(2, 0, 1, 1, 0, 0, 0) 1
x(2, 0, 2, 0, 0, 0, 0) 1
x(2, 1, 0, 0, 0, 0, 0) 1
x(2, 1, 0, 0, 0, 1, 0) 1
x(2, 1, 0, 0, 1, 0, 0) 1
x(2, 1, 0, 1, 0, 0, 0) 1
x(2, 1, 1, 0, 0, 0, 0) 1
x(2, 2, 0, 0, 0, 0, 0) 1
x(3, 0, 0, 0, 0, 0, 0) 1
x(3, 0, 0, 0, 0, 1, 0) 1
x(3, 0, 0, 0, 1, 0, 0) 1
x(3, 0, 0, 1, 0, 0, 0) 1
x(3, 0, 1, 0, 0, 0, 0) 1
x(3, 0, 2, 0, 0, 0, 0) 1
x(3, 1, 0, 0, 0, 0, 0) 1
x(3, 1, 1, 0, 0, 0, 0) 1
x(3, 2, 0, 0, 0, 0, 0) 1
x(4, 0, 0, 0, 0, 0, 0) 1
x(4, 0, 0, 1, 0, 0, 0) 1
x(4, 0, 1, 0, 0, 0, 0) 1
x(4, 1, 0, 0, 0, 0, 0) 1
x(5, 0, 0, 0, 0, 0, 0) 1
s[0] 0.166767
s[1] 0.222256
s[2] 0.222256
s[3] 0.332933
s[4] 0.333233
s[5] 0.333333
s[6] 0.5
y(0, 0, 0, 0, 0, 0, 2) 0.5
y(0, 0, 0, 0, 0, 3, 0) 0.666667
y(4, 0, 0, 0, 0, 0, 0) 0.166667
y(4, 0, 0, 1, 0, 0, 0) 2
y(5, 0, 0, 0, 0, 0, 0) 3.66667
Obj: 0