n0 1
n1 2
n2 2
n3 2
n4 1
x(0, 0, 0, 0, 0) 1
x(0, 0, 0, 0, 1) 1
x(0, 0, 0, 0, 2) 1
x(0, 0, 0, 1, 0) 1
x(0, 0, 0, 1, 1) 1
x(0, 0, 0, 1, 2) 1
x(0, 0, 0, 2, 0) 1
x(0, 0, 0, 2, 1) 1
x(0, 0, 0, 3, 0) 1
x(0, 0, 1, 0, 0) 1
x(0, 0, 1, 0, 1) 1
x(0, 0, 1, 0, 2) 1
x(0, 0, 1, 1, 0) 1
x(0, 0, 1, 1, 1) 1
x(0, 0, 1, 2, 0) 1
x(0, 0, 2, 0, 0) 1
x(0, 0, 2, 0, 1) 1
x(0, 0, 2, 1, 0) 1
x(0, 0, 3, 0, 0) 1
x(0, 0, 3, 1, 0) 1
x(0, 0, 4, 0, 0) 1
x(0, 1, 0, 0, 0) 1
x(0, 1, 0, 0, 1) 1
x(0, 1, 0, 0, 2) 1
x(0, 1, 0, 1, 0) 1
x(0, 1, 0, 1, 1) 1
x(0, 1, 0, 2, 0) 1
x(0, 1, 0, 3, 0) 1
x(0, 1, 1, 0, 0) 1
x(0, 1, 1, 0, 1) 1
x(0, 1, 1, 1, 0) 1
x(0, 1, 1, 2, 0) 1
x(0, 1, 2, 0, 0) 1
x(0, 1, 2, 1, 0) 1
x(0, 1, 3, 0, 0) 1
x(0, 2, 0, 0, 0) 1
x(0, 2, 0, 0, 1) 1
x(0, 2, 0, 1, 0) 1
x(0, 2, 0, 2, 0) 1
x(0, 2, 1, 0, 0) 1
x(0, 2, 1, 1, 0) 1
x(0, 2, 2, 0, 0) 1
x(0, 3, 0, 0, 0) 1
x(0, 3, 0, 0, 1) 1
x(0, 3, 0, 1, 0) 1
x(0, 3, 1, 0, 0) 1
x(0, 4, 0, 0, 0) 1
x(1, 0, 0, 0, 0) 1
x(1, 0, 0, 0, 1) 1
x(1, 0, 0, 0, 2) 1
x(1, 0, 0, 1, 0) 1
x(1, 0, 0, 1, 1) 1
x(1, 0, 0, 2, 0) 1
x(1, 0, 0, 3, 0) 1
x(1, 0, 1, 0, 0) 1
x(1, 0, 1, 0, 1) 1
x(1, 0, 1, 1, 0) 1
x(1, 0, 1, 2, 0) 1
x(1, 0, 2, 0, 0) 1
x(1, 0, 2, 1, 0) 1
x(1, 0, 3, 0, 0) 1
x(1, 1, 0, 0, 0) 1
x(1, 1, 0, 0, 1) 1
x(1, 1, 0, 1, 0) 1
x(1, 1, 0, 2, 0) 1
x(1, 1, 1, 0, 0) 1
x(1, 1, 1, 1, 0) 1
x(1, 1, 2, 0, 0) 1
x(1, 2, 0, 0, 0) 1
x(1, 2, 0, 0, 1) 1
x(1, 2, 0, 1, 0) 1
x(1, 2, 1, 0, 0) 1
x(1, 3, 0, 0, 0) 1
x(2, 0, 0, 0, 0) 1
x(2, 0, 0, 0, 1) 1
x(2, 0, 0, 1, 0) 1
x(2, 0, 0, 1, 1) 1
x(2, 0, 0, 2, 0) 1
x(2, 0, 1, 0, 0) 1
x(2, 0, 1, 0, 1) 1
x(2, 0, 1, 1, 0) 1
x(2, 0, 2, 0, 0) 1
x(2, 1, 0, 0, 0) 1
x(2, 1, 0, 0, 1) 1
x(2, 1, 0, 1, 0) 1
x(2, 1, 1, 0, 0) 1
x(2, 2, 0, 0, 0) 1
x(3, 0, 0, 0, 0) 1
x(3, 0, 0, 0, 1) 1
x(3, 0, 0, 1, 0) 1
x(3, 0, 1, 0, 0) 1
x(3, 1, 0, 0, 0) 1
x(4, 0, 0, 0, 0) 1
s[0] 0.20001
s[1] 0.222211
s[2] 0.249975
s[3] 0.250075
s[4] 0.333367
y(0, 0, 3, 1, 0) 0.666667
y(0, 1, 0, 3, 0) 0.3
y(0, 3, 0, 0, 1) 0.566667
y(2, 0, 0, 1, 1) 0.433333
y(4, 0, 0, 0, 0) 0.0333333
Obj: 0