n0 1
n1 2
n2 2
n3 2
n4 9
x(0, 0, 0, 0, 0) 1
x(0, 0, 0, 0, 1) 1
x(0, 0, 0, 0, 2) 1
x(0, 0, 0, 0, 3) 1
x(0, 0, 0, 1, 0) 1
x(0, 0, 0, 1, 1) 1
x(0, 0, 0, 1, 2) 1
x(0, 0, 0, 2, 0) 1
x(0, 0, 0, 2, 1) 1
x(0, 0, 0, 2, 2) 1
x(0, 0, 0, 3, 0) 1
x(0, 0, 0, 3, 1) 1
x(0, 0, 0, 4, 0) 1
x(0, 0, 1, 0, 0) 1
x(0, 0, 1, 0, 1) 1
x(0, 0, 1, 0, 2) 1
x(0, 0, 1, 1, 0) 1
x(0, 0, 1, 1, 1) 1
x(0, 0, 1, 2, 0) 1
x(0, 0, 1, 2, 1) 1
x(0, 0, 1, 3, 0) 1
x(0, 0, 2, 0, 0) 1
x(0, 0, 2, 0, 1) 1
x(0, 0, 2, 1, 0) 1
x(0, 0, 2, 1, 1) 1
x(0, 0, 2, 2, 0) 1
x(0, 0, 3, 0, 0) 1
x(0, 0, 3, 0, 1) 0.99999
x(0, 0, 3, 1, 0) 1
x(0, 0, 4, 0, 0) 1
x(0, 1, 0, 0, 0) 1
x(0, 1, 0, 0, 1) 1
x(0, 1, 0, 1, 0) 1
x(0, 1, 0, 1, 1) 1
x(0, 1, 0, 2, 0) 1
x(0, 1, 1, 0, 0) 1
x(0, 1, 1, 1, 0) 1
x(0, 1, 2, 0, 0) 1
x(1, 0, 0, 0, 0) 1
x(1, 0, 0, 0, 1) 1
x(1, 0, 0, 0, 2) 1
x(1, 0, 0, 1, 0) 1
x(1, 0, 0, 1, 1) 1
x(1, 0, 0, 2, 0) 1
x(1, 0, 0, 2, 1) 1
x(1, 0, 0, 3, 0) 1
x(1, 0, 1, 0, 0) 1
x(1, 0, 1, 0, 1) 1
x(1, 0, 1, 1, 0) 1
x(1, 0, 1, 1, 1) 1
x(1, 0, 1, 2, 0) 1
x(1, 0, 2, 0, 0) 1
x(1, 0, 2, 1, 0) 1
x(1, 0, 3, 0, 0) 1
x(1, 1, 0, 0, 0) 1
x(1, 1, 0, 1, 0) 1
x(1, 1, 1, 0, 0) 1
x(2, 0, 0, 0, 0) 1
x(2, 0, 0, 0, 1) 1
x(2, 0, 0, 1, 0) 1
x(2, 0, 0, 1, 1) 1
x(2, 0, 0, 2, 0) 1
x(2, 0, 1, 0, 0) 1
x(2, 0, 1, 1, 0) 1
x(2, 0, 2, 0, 0) 1
x(2, 1, 0, 0, 0) 1
x(3, 0, 0, 0, 0) 1
x(3, 0, 0, 0, 1) 1
x(3, 0, 0, 1, 0) 1
x(3, 0, 1, 0, 0) 1
x(4, 0, 0, 0, 0) 1
s[0] 0.249987
s[1] 0.500005
s[2] 0.249997
s[3] 0.249957
s[4] 0.250038
y(0, 0, 0, 0, 3) 2
y(0, 0, 3, 0, 1) 0.666663
y(0, 1, 0, 1, 1) 2
y(3, 0, 0, 0, 1) 0.333333
Obj: 0