n0 2
n4 2
n5 2
n6 1
x(0, 0, 0, 0, 0, 0, 0) 1
x(0, 0, 0, 0, 0, 0, 1) 1
x(0, 0, 0, 0, 0, 0, 2) 1
x(0, 0, 0, 0, 0, 0, 3) 1
x(0, 0, 0, 0, 0, 0, 4) 1
x(0, 0, 0, 0, 0, 0, 5) 1
x(0, 0, 0, 0, 0, 0, 6) 1
x(0, 0, 0, 0, 0, 1, 0) 1
x(0, 0, 0, 0, 0, 1, 1) 1
x(0, 0, 0, 0, 0, 1, 2) 1
x(0, 0, 0, 0, 0, 1, 3) 1
x(0, 0, 0, 0, 0, 1, 4) 1
x(0, 0, 0, 0, 0, 2, 0) 1
x(0, 0, 0, 0, 0, 2, 1) 1
x(0, 0, 0, 0, 0, 2, 2) 1
x(0, 0, 0, 0, 1, 0, 0) 1
x(0, 0, 0, 0, 1, 0, 1) 1
x(0, 0, 0, 0, 1, 0, 2) 1
x(0, 0, 0, 0, 1, 0, 3) 1
x(0, 0, 0, 0, 1, 0, 4) 1
x(0, 0, 0, 0, 1, 1, 0) 1
x(0, 0, 0, 0, 1, 1, 1) 1
x(0, 0, 0, 0, 1, 1, 2) 1
x(0, 0, 0, 0, 2, 0, 0) 1
x(0, 0, 0, 0, 2, 0, 1) 1
x(0, 0, 0, 0, 2, 0, 2) 1
x(0, 0, 0, 0, 3, 0, 0) 1
x(0, 0, 0, 1, 0, 0, 0) 1
x(0, 0, 0, 1, 0, 0, 1) 1
x(0, 0, 0, 1, 0, 0, 2) 1
x(0, 0, 0, 1, 0, 0, 3) 1
x(0, 0, 0, 1, 0, 0, 4) 1
x(0, 0, 0, 1, 0, 1, 0) 1
x(0, 0, 0, 1, 0, 1, 1) 1
x(0, 0, 0, 1, 0, 1, 2) 1
x(0, 0, 0, 1, 1, 0, 0) 1
x(0, 0, 0, 1, 1, 0, 1) 1
x(0, 0, 0, 1, 1, 0, 2) 1
x(0, 0, 0, 1, 2, 0, 0) 1
x(0, 0, 0, 2, 0, 0, 0) 1
x(0, 0, 0, 2, 0, 0, 1) 1
x(0, 0, 0, 2, 0, 0, 2) 1
x(0, 0, 0, 2, 1, 0, 0) 1
x(0, 0, 0, 3, 0, 0, 0) 1
x(0, 0, 1, 0, 0, 0, 0) 1
x(0, 0, 1, 0, 0, 0, 1) 1
x(0, 0, 1, 0, 0, 0, 2) 1
x(0, 0, 1, 0, 0, 0, 3) 1
x(0, 0, 1, 0, 0, 0, 4) 1
x(0, 0, 1, 0, 0, 1, 0) 1
x(0, 0, 1, 0, 0, 1, 1) 1
x(0, 0, 1, 0, 0, 1, 2) 1
x(0, 0, 1, 0, 1, 0, 0) 1
x(0, 0, 1, 0, 1, 0, 1) 1
x(0, 0, 1, 0, 1, 0, 2) 1
x(0, 0, 1, 0, 2, 0, 0) 1
x(0, 0, 1, 1, 0, 0, 0) 1
x(0, 0, 1, 1, 0, 0, 1) 1
x(0, 0, 1, 1, 0, 0, 2) 1
x(0, 0, 1, 1, 1, 0, 0) 1
x(0, 0, 1, 2, 0, 0, 0) 1
x(0, 0, 2, 0, 0, 0, 0) 1
x(0, 0, 2, 0, 0, 0, 1) 1
x(0, 0, 2, 0, 0, 0, 2) 1
x(0, 0, 2, 0, 1, 0, 0) 1
x(0, 0, 2, 1, 0, 0, 0) 1
x(0, 0, 3, 0, 0, 0, 0) 1
x(0, 1, 0, 0, 0, 0, 0) 1
x(0, 1, 0, 0, 0, 0, 1) 1
x(0, 1, 0, 0, 0, 0, 2) 1
x(0, 1, 0, 0, 0, 0, 3) 1
x(0, 1, 0, 0, 0, 0, 4) 1
x(0, 1, 0, 0, 0, 1, 0) 1
x(0, 1, 0, 0, 0, 1, 1) 1
x(0, 1, 0, 0, 0, 1, 2) 1
x(0, 1, 0, 0, 1, 0, 0) 1
x(0, 1, 0, 0, 1, 0, 1) 1
x(0, 1, 0, 0, 1, 0, 2) 1
x(0, 1, 0, 0, 2, 0, 0) 1
x(0, 1, 0, 1, 0, 0, 0) 1
x(0, 1, 0, 1, 0, 0, 1) 1
x(0, 1, 0, 1, 0, 0, 2) 1
x(0, 1, 0, 1, 1, 0, 0) 1
x(0, 1, 0, 2, 0, 0, 0) 1
x(0, 1, 1, 0, 0, 0, 0) 1
x(0, 1, 1, 0, 0, 0, 1) 1
x(0, 1, 1, 0, 0, 0, 2) 1
x(0, 1, 1, 0, 1, 0, 0) 1
x(0, 1, 1, 1, 0, 0, 0) 1
x(0, 1, 2, 0, 0, 0, 0) 1
x(0, 2, 0, 0, 0, 0, 0) 1
x(0, 2, 0, 0, 0, 0, 1) 1
x(0, 2, 0, 0, 0, 0, 2) 1
x(0, 2, 0, 0, 1, 0, 0) 1
x(0, 2, 0, 1, 0, 0, 0) 1
x(0, 2, 1, 0, 0, 0, 0) 1
x(0, 3, 0, 0, 0, 0, 0) 1
x(1, 0, 0, 0, 0, 0, 0) 1
x(1, 0, 0, 0, 0, 0, 1) 1
x(1, 0, 0, 0, 0, 0, 2) 1
x(1, 0, 0, 0, 0, 0, 3) 1
x(1, 0, 0, 0, 0, 0, 4) 1
x(1, 0, 0, 0, 0, 1, 0) 1
x(1, 0, 0, 0, 0, 1, 1) 1
x(1, 0, 0, 0, 0, 1, 2) 1
x(1, 0, 0, 0, 0, 2, 0) 1
x(1, 0, 0, 0, 1, 0, 0) 1
x(1, 0, 0, 0, 1, 0, 1) 1
x(1, 0, 0, 0, 1, 0, 2) 1
x(1, 0, 0, 0, 1, 1, 0) 1
x(1, 0, 0, 0, 2, 0, 0) 1
x(1, 0, 0, 1, 0, 0, 0) 1
x(1, 0, 0, 1, 0, 0, 1) 1
x(1, 0, 0, 1, 0, 0, 2) 1
x(1, 0, 0, 1, 0, 1, 0) 1
x(1, 0, 0, 1, 1, 0, 0) 1
x(1, 0, 0, 2, 0, 0, 0) 1
x(1, 0, 1, 0, 0, 0, 0) 1
x(1, 0, 1, 0, 0, 0, 1) 1
x(1, 0, 1, 0, 0, 0, 2) 1
x(1, 0, 1, 0, 0, 1, 0) 1
x(1, 0, 1, 0, 1, 0, 0) 1
x(1, 0, 1, 1, 0, 0, 0) 1
x(1, 0, 2, 0, 0, 0, 0) 1
x(1, 1, 0, 0, 0, 0, 0) 1
x(1, 1, 0, 0, 0, 0, 1) 1
x(1, 1, 0, 0, 0, 0, 2) 1
x(1, 1, 0, 0, 0, 1, 0) 1
x(1, 1, 0, 0, 1, 0, 0) 1
x(1, 1, 0, 1, 0, 0, 0) 1
x(1, 1, 1, 0, 0, 0, 0) 1
x(1, 2, 0, 0, 0, 0, 0) 1
x(2, 0, 0, 0, 0, 0, 0) 1
x(2, 0, 0, 0, 0, 0, 1) 1
x(2, 0, 0, 0, 0, 0, 2) 1
x(2, 0, 0, 0, 0, 0, 3) 1
x(2, 0, 0, 0, 0, 1, 0) 1
x(2, 0, 0, 0, 0, 1, 1) 1
x(2, 0, 0, 0, 1, 0, 0) 1
x(2, 0, 0, 0, 1, 0, 1) 1
x(2, 0, 0, 1, 0, 0, 0) 1
x(2, 0, 0, 1, 0, 0, 1) 1
x(2, 0, 1, 0, 0, 0, 0) 1
x(2, 0, 1, 0, 0, 0, 1) 1
x(2, 1, 0, 0, 0, 0, 0) 1
x(2, 1, 0, 0, 0, 0, 1) 1
x(3, 0, 0, 0, 0, 0, 0) 1
x(3, 0, 0, 0, 0, 0, 1) 1
x(3, 0, 0, 0, 0, 0, 2) 1
x(3, 0, 0, 0, 1, 0, 0) 1
x(3, 0, 0, 1, 0, 0, 0) 1
x(3, 0, 1, 0, 0, 0, 0) 1
x(3, 1, 0, 0, 0, 0, 0) 1
x(4, 0, 0, 0, 0, 0, 0) 1
s[0] 0.222222
s[1] 0.333333
s[2] 0.333333
s[3] 0.333333
s[4] 0.333333
s[5] 0.333433
s[6] 0.166567
y(0, 0, 0, 0, 0, 2, 2) 0.5
y(0, 0, 0, 0, 3, 0, 0) 0.5
y(1, 0, 0, 0, 0, 2, 0) 0.5
y(3, 0, 0, 0, 1, 0, 0) 0.5
Obj: 0