n0 7
n2 2
n4 3
n5 12
x(0, 0, 0, 0, 0, 0) 1
x(0, 0, 0, 0, 0, 1) 1
x(0, 0, 0, 0, 0, 2) 1
x(0, 0, 0, 0, 0, 3) 1
x(0, 0, 0, 0, 0, 4) 1
x(0, 0, 0, 0, 0, 5) 1
x(0, 0, 0, 0, 1, 0) 1
x(0, 0, 0, 0, 1, 1) 1
x(0, 0, 0, 0, 1, 2) 1
x(0, 0, 0, 0, 1, 3) 1
x(0, 0, 0, 0, 2, 0) 1
x(0, 0, 0, 0, 2, 1) 1
x(0, 0, 0, 1, 0, 0) 1
x(0, 0, 0, 1, 0, 1) 1
x(0, 0, 0, 1, 0, 2) 1
x(0, 0, 0, 1, 0, 3) 1
x(0, 0, 0, 1, 1, 0) 1
x(0, 0, 0, 1, 1, 1) 1
x(0, 0, 0, 2, 0, 0) 1
x(0, 0, 0, 2, 0, 1) 1
x(0, 0, 1, 0, 0, 0) 1
x(0, 0, 1, 0, 0, 1) 1
x(0, 0, 1, 0, 0, 2) 1
x(0, 0, 1, 0, 0, 3) 1
x(0, 0, 1, 0, 1, 0) 1
x(0, 0, 1, 0, 1, 1) 1
x(0, 0, 1, 1, 0, 0) 1
x(0, 0, 1, 1, 0, 1) 1
x(0, 0, 2, 0, 0, 0) 1
x(0, 0, 2, 0, 0, 1) 1
x(0, 0, 3, 0, 0, 0) 1
x(0, 1, 0, 0, 0, 0) 1
x(0, 1, 0, 0, 0, 1) 1
x(0, 1, 0, 0, 0, 2) 1
x(0, 1, 0, 0, 0, 3) 1
x(0, 1, 0, 0, 1, 0) 1
x(0, 1, 0, 0, 1, 1) 1
x(0, 1, 0, 1, 0, 0) 1
x(0, 1, 0, 1, 0, 1) 1
x(0, 1, 1, 0, 0, 0) 1
x(0, 1, 1, 0, 0, 1) 1
x(0, 1, 2, 0, 0, 0) 1
x(0, 2, 0, 0, 0, 0) 1
x(0, 2, 0, 0, 0, 1) 1
x(0, 2, 1, 0, 0, 0) 1
x(0, 3, 0, 0, 0, 0) 1
x(1, 0, 0, 0, 0, 0) 1
x(1, 0, 0, 0, 0, 1) 1
x(1, 0, 0, 0, 0, 2) 1
x(1, 0, 0, 0, 0, 3) 1
x(1, 0, 0, 0, 0, 4) 1
x(1, 0, 0, 0, 1, 0) 1
x(1, 0, 0, 0, 1, 1) 1
x(1, 0, 0, 1, 0, 0) 1
x(1, 0, 0, 1, 0, 1) 1
x(1, 0, 0, 1, 0, 2) 1
x(1, 0, 0, 2, 0, 0) 1
x(1, 0, 1, 0, 0, 0) 1
x(1, 0, 1, 0, 0, 1) 1
x(1, 0, 1, 0, 0, 2) 1
x(1, 0, 1, 1, 0, 0) 1
x(1, 0, 2, 0, 0, 0) 1
x(1, 1, 0, 0, 0, 0) 1
x(1, 1, 0, 0, 0, 1) 1
x(1, 1, 0, 0, 0, 2) 1
x(1, 1, 0, 1, 0, 0) 1
x(1, 1, 1, 0, 0, 0) 1
x(1, 2, 0, 0, 0, 0) 1
x(2, 0, 0, 0, 0, 0) 1
x(2, 0, 0, 0, 0, 1) 1
x(2, 0, 0, 0, 0, 2) 1
x(2, 0, 0, 0, 1, 0) 1
x(2, 0, 0, 1, 0, 0) 1
x(2, 0, 1, 0, 0, 0) 1
x(2, 1, 0, 0, 0, 0) 1
x(3, 0, 0, 0, 0, 0) 1
x(3, 0, 0, 0, 0, 1) 1
s[0] 0.250125
s[1] 0.333333
s[2] 0.333333
s[3] 0.333433
s[4] 0.416642
s[5] 0.166717
y(0, 0, 0, 0, 2, 1) 1.5
y(0, 0, 3, 0, 0, 0) 0.666667
y(1, 0, 0, 0, 0, 4) 2.22727
y(3, 0, 0, 0, 0, 1) 1.59091
Obj: 0