n1 3
n2 1
n3 1
n5 2
x(0, 0, 0, 0, 0, 0) 1
x(0, 0, 0, 0, 0, 1) 1
x(0, 0, 0, 0, 0, 2) 1
x(0, 0, 0, 0, 0, 3) 1
x(0, 0, 0, 0, 1, 0) 1
x(0, 0, 0, 0, 1, 1) 1
x(0, 0, 0, 1, 0, 0) 1
x(0, 0, 0, 1, 0, 1) 1
x(0, 0, 0, 2, 0, 0) 1
x(0, 0, 1, 0, 0, 0) 1
x(0, 0, 1, 0, 0, 1) 1
x(0, 0, 1, 0, 0, 2) 1
x(0, 0, 1, 0, 1, 0) 1
x(0, 0, 1, 1, 0, 0) 1
x(0, 0, 2, 0, 0, 0) 1
x(0, 0, 2, 0, 0, 1) 1
x(0, 0, 2, 0, 1, 0) 1
x(0, 0, 2, 1, 0, 0) 1
x(0, 0, 3, 0, 0, 0) 1
x(0, 0, 3, 0, 0, 1) 1
x(0, 0, 4, 0, 0, 0) 1
x(0, 1, 0, 0, 0, 0) 1
x(0, 1, 0, 0, 0, 1) 1
x(0, 1, 0, 0, 0, 2) 1
x(0, 1, 0, 0, 1, 0) 1
x(0, 1, 0, 1, 0, 0) 1
x(0, 1, 1, 0, 0, 0) 1
x(0, 1, 1, 0, 0, 1) 1
x(0, 1, 1, 0, 1, 0) 1
x(0, 1, 1, 1, 0, 0) 1
x(0, 1, 2, 0, 0, 0) 1
x(0, 1, 2, 0, 0, 1) 1
x(0, 1, 3, 0, 0, 0) 1
x(0, 2, 0, 0, 0, 0) 1
x(0, 2, 0, 0, 0, 1) 1
x(0, 2, 0, 0, 1, 0) 1
x(0, 2, 0, 1, 0, 0) 1
x(0, 2, 1, 0, 0, 0) 1
x(0, 2, 1, 0, 0, 1) 1
x(0, 2, 2, 0, 0, 0) 1
x(0, 3, 0, 0, 0, 0) 1
x(0, 3, 0, 0, 0, 1) 1
x(0, 3, 1, 0, 0, 0) 1
x(0, 4, 0, 0, 0, 0) 1
x(0, 5, 0, 0, 0, 0) 1
x(1, 0, 0, 0, 0, 0) 1
x(1, 0, 0, 0, 0, 1) 1
x(1, 0, 0, 0, 0, 2) 1
x(1, 0, 0, 0, 1, 0) 1
x(1, 0, 0, 1, 0, 0) 1
x(1, 0, 0, 1, 0, 1) 1
x(1, 0, 1, 0, 0, 0) 1
x(1, 0, 1, 0, 0, 1) 1
x(1, 0, 1, 0, 1, 0) 1
x(1, 0, 1, 1, 0, 0) 1
x(1, 0, 2, 0, 0, 0) 1
x(1, 0, 2, 0, 0, 1) 1
x(1, 0, 3, 0, 0, 0) 1
x(1, 1, 0, 0, 0, 0) 1
x(1, 1, 0, 0, 0, 1) 1
x(1, 1, 0, 0, 1, 0) 1
x(1, 1, 0, 1, 0, 0) 1
x(1, 1, 1, 0, 0, 0) 1
x(1, 1, 1, 0, 0, 1) 1
x(1, 1, 2, 0, 0, 0) 1
x(1, 1, 3, 0, 0, 0) 1
x(1, 2, 0, 0, 0, 0) 1
x(1, 2, 0, 0, 0, 1) 1
x(1, 2, 1, 0, 0, 0) 1
x(1, 2, 2, 0, 0, 0) 1
x(1, 3, 0, 0, 0, 0) 1
x(1, 3, 1, 0, 0, 0) 1
x(1, 4, 0, 0, 0, 0) 1
x(2, 0, 0, 0, 0, 0) 1
x(2, 0, 0, 0, 0, 1) 1
x(2, 0, 0, 0, 1, 0) 1
x(2, 0, 0, 1, 0, 0) 1
x(2, 0, 1, 0, 0, 0) 1
x(2, 0, 1, 0, 0, 1) 1
x(2, 0, 2, 0, 0, 0) 1
x(2, 0, 3, 0, 0, 0) 1
x(2, 1, 0, 0, 0, 0) 1
x(2, 1, 0, 0, 0, 1) 1
x(2, 1, 1, 0, 0, 0) 1
x(2, 1, 2, 0, 0, 0) 1
x(2, 2, 0, 0, 0, 0) 1
x(2, 2, 1, 0, 0, 0) 1
x(2, 3, 0, 0, 0, 0) 1
x(3, 0, 0, 0, 0, 0) 1
x(3, 0, 0, 0, 0, 1) 1
x(3, 0, 1, 0, 0, 0) 1
x(3, 0, 2, 0, 0, 0) 1
x(3, 1, 0, 0, 0, 0) 1
x(3, 1, 1, 0, 0, 0) 1
x(3, 2, 0, 0, 0, 0) 1
x(4, 0, 0, 0, 0, 0) 1
x(4, 0, 1, 0, 0, 0) 1
x(4, 1, 0, 0, 0, 0) 1
x(5, 0, 0, 0, 0, 0) 1
s[0] 0.166717
s[1] 0.2
s[2] 0.208346
s[3] 0.49995
s[4] 0.50015
s[5] 0.333333
y(0, 0, 0, 0, 0, 3) 0.555556
y(0, 0, 0, 2, 0, 0) 0.5
y(0, 0, 3, 0, 0, 1) 0.333333
y(0, 5, 0, 0, 0, 0) 0.6
Obj: 0