n0 1
n1 2
n2 2
n3 5
n4 5
x(0, 0, 0, 0, 0) 1
x(0, 0, 0, 0, 1) 1
x(0, 0, 0, 0, 2) 1
x(0, 0, 0, 0, 3) 1
x(0, 0, 0, 0, 4) 1
x(0, 0, 0, 1, 0) 1
x(0, 0, 0, 1, 1) 1
x(0, 0, 0, 1, 2) 1
x(0, 0, 0, 1, 3) 1
x(0, 0, 0, 2, 0) 1
x(0, 0, 0, 2, 1) 1
x(0, 0, 1, 0, 0) 1
x(0, 0, 1, 0, 1) 1
x(0, 0, 1, 0, 2) 1
x(0, 0, 1, 0, 3) 1
x(0, 0, 1, 1, 0) 1
x(0, 0, 1, 1, 1) 1
x(0, 0, 1, 1, 2) 1
x(0, 0, 1, 2, 0) 1
x(0, 0, 2, 0, 0) 1
x(0, 0, 2, 0, 1) 1
x(0, 0, 2, 0, 2) 1
x(0, 0, 2, 1, 0) 1
x(0, 0, 3, 0, 0) 1
x(0, 0, 3, 0, 1) 1
x(0, 0, 4, 0, 0) 1
x(0, 1, 0, 0, 0) 1
x(0, 1, 0, 0, 1) 1
x(0, 1, 0, 0, 2) 1
x(0, 1, 0, 1, 0) 1
x(0, 1, 0, 1, 1) 1
x(0, 1, 1, 0, 0) 1
x(0, 1, 1, 0, 1) 1
x(0, 1, 2, 0, 0) 1
x(0, 2, 0, 0, 0) 1
x(1, 0, 0, 0, 0) 1
x(1, 0, 0, 0, 1) 1
s[0] 0.79999
s[1] 0.466623
s[2] 0.233362
s[3] 0.333367
s[4] 0.20001
y(0, 0, 1, 1, 2) 1
y(0, 0, 1, 2, 0) 0.999998
y(0, 1, 0, 1, 1) 2
y(1, 0, 0, 0, 1) 1
Obj: 0