n0 1
n1 11
n2 1
n3 1
n4 3
x(0, 0, 0, 0, 0) 1
x(0, 0, 0, 0, 1) 1
x(0, 0, 0, 0, 2) 1
x(0, 0, 0, 0, 3) 1
x(0, 0, 0, 0, 4) 1
x(0, 0, 0, 1, 0) 1
x(0, 0, 0, 1, 1) 1
x(0, 0, 0, 1, 2) 1
x(0, 0, 1, 0, 0) 1
x(0, 0, 1, 0, 1) 1
x(0, 0, 1, 0, 2) 1
x(0, 0, 2, 0, 0) 1
x(0, 1, 0, 0, 0) 1
x(0, 1, 0, 0, 1) 1
x(0, 1, 0, 0, 2) 1
x(0, 1, 0, 0, 3) 1
x(0, 1, 0, 1, 0) 1
x(0, 1, 0, 1, 1) 1
x(0, 1, 1, 0, 0) 1
x(0, 1, 1, 0, 1) 1
x(0, 2, 0, 0, 0) 1
x(0, 2, 0, 0, 1) 1
x(0, 2, 0, 0, 2) 1
x(0, 3, 0, 0, 0) 1
x(0, 3, 0, 0, 1) 1
x(1, 0, 0, 0, 0) 1
x(1, 0, 0, 0, 1) 1
x(1, 0, 0, 0, 2) 1
x(1, 0, 0, 0, 3) 1
x(1, 0, 0, 1, 0) 1
x(1, 0, 0, 1, 1) 1
x(1, 0, 1, 0, 0) 1
x(1, 0, 1, 0, 1) 1
x(1, 1, 0, 0, 0) 1
x(1, 1, 0, 0, 1) 1
x(1, 1, 0, 0, 2) 1
x(1, 2, 0, 0, 0) 1
x(1, 2, 0, 0, 1) 1
x(2, 0, 0, 0, 0) 1
x(2, 0, 0, 0, 1) 1
x(2, 0, 0, 0, 2) 1
x(2, 0, 0, 1, 0) 1
x(2, 0, 1, 0, 0) 1
x(2, 1, 0, 0, 0) 1
x(2, 1, 0, 0, 1) 1
x(3, 0, 0, 0, 0) 1
x(3, 0, 0, 0, 1) 1
x(4, 0, 0, 0, 0) 1
s[0] 0.24995
s[1] 0.25025
s[2] 0.5
s[3] 0.5001
s[4] 0.24925
y(0, 0, 2, 0, 0) 0.5
y(0, 1, 0, 1, 0) 0.5
y(0, 3, 0, 0, 0) 0.5
y(0, 3, 0, 0, 1) 3
y(2, 0, 0, 1, 0) 0.5
Obj: 0