/Users/tobiasbreuer/miniforge3/envs/mlp/bin/python /Users/tobiasbreuer/Desktop/E&OR/Research Assistantship/pythoncode/RA2223/src/ILPApproach/MILPdimensions1.py
#############################################################
--------------------- target_lp_sol = 8---------------------
#############################################################
Set parameter Username
Academic license - for non-commercial use only - expires 2023-09-16
Set parameter LazyConstraints to value 1
Set parameter NodefileStart to value 4
Gurobi Optimizer version 9.5.2 build v9.5.2rc0 (mac64[arm])
Thread count: 8 physical cores, 8 logical processors, using up to 8 threads
Optimize a model with 116297 rows, 13334 columns and 298665 nonzeros
Model fingerprint: 0x58bf9552
Variable types: 6443 continuous, 6891 integer (6883 binary)
Coefficient statistics:
  Matrix range     [1e+00, 9e+00]
  Objective range  [0e+00, 0e+00]
  Bounds range     [1e-01, 6e+01]
  RHS range        [1e+00, 6e+01]
Presolve removed 62250 rows and 9 columns
Presolve time: 0.24s
Presolved: 54047 rows, 13325 columns, 174169 nonzeros
Variable types: 6443 continuous, 6882 integer (6874 binary)

Deterministic concurrent LP optimizer: primal and dual simplex (primal and dual model)
Showing first log only...

Root relaxation presolved: 54048 rows, 13325 columns, 174184 nonzeros

Warning: Markowitz tolerance tightened to 0.03125
Concurrent spin time: 0.08s

Solved with primal simplex (primal model)

Root relaxation: objective 0.000000e+00, 894 iterations, 0.22 seconds (0.39 work units)

    Nodes    |    Current Node    |     Objective Bounds      |     Work
 Expl Unexpl |  Obj  Depth IntInf | Incumbent    BestBd   Gap | It/Node Time

     0     0    0.00000    0  149          -    0.00000      -     -    3s
     0     0    0.00000    0  155          -    0.00000      -     -    7s
     0     0    0.00000    0    6          -    0.00000      -     -   18s
     0     0    0.00000    0    6          -    0.00000      -     -   20s
     0     0    0.00000    0    6          -    0.00000      -     -   20s
     0     2    0.00000    0    6          -    0.00000      -     -   24s
     1     4    0.00000    1  356          -    0.00000      -  3715   31s
     3     6    0.00000    2  247          -    0.00000      -  4234   48s
     7    10    0.00000    3  243          -    0.00000      -  2458   66s
    21    24    0.00000    5  134          -    0.00000      -  2733   70s
    29    30    0.00000    6  186          -    0.00000      -  2244   75s
   109    77    0.00000   13    4          -    0.00000      -  1063   82s
   180    90    0.00000   18    -          -    0.00000      -   755   87s
   348   156 infeasible    9               -    0.00000      -   453   91s
   705   294    0.00000   13    -          -    0.00000      -   266  102s
  1226   550    0.00000   16   54          -    0.00000      -   159  110s
  1466   541    0.00000   13    -          -    0.00000      -   137  116s
  1634   607    0.00000   22    1          -    0.00000      -   124  120s
  2351   922    0.00000   22    -          -    0.00000      -  91.5  137s
  2493   986    0.00000   23    5          -    0.00000      -  87.1  141s
  2783  1089    0.00000   21    4          -    0.00000      -  79.8  148s
  3162  1121    0.00000   22    -          -    0.00000      -  73.1  155s
  3309  1183    0.00000   48    6          -    0.00000      -  70.8  160s
  3772  1274    0.00000   26    -          -    0.00000      -  65.3  171s
  4446  1404    0.00000   26    -          -    0.00000      -  58.7  190s
  4773  1525    0.00000   40    3          -    0.00000      -  55.9  198s
  5291  1695    0.00000   26    3          -    0.00000      -  52.6  212s
  5605  1800    0.00000   15    -          -    0.00000      -  51.0  220s
  5952  1897    0.00000   26    -          -    0.00000      -  49.4  227s
  6445  2044    0.00000   17    -          -    0.00000      -  48.0  239s
  6553  1984    0.00000   26    -          -    0.00000      -  47.5  243s
Allowed patterns:
(0, 0, 0, 0, 0, 0, 0, 0) 1
(0, 0, 0, 0, 0, 0, 0, 1) 1
(0, 0, 0, 0, 0, 0, 0, 2) 1
(0, 0, 0, 0, 0, 0, 1, 0) 1
(0, 0, 0, 0, 0, 0, 1, 1) 1
(0, 0, 0, 0, 0, 0, 2, 0) 1
(0, 0, 0, 0, 0, 1, 0, 0) 1
(0, 0, 0, 0, 0, 1, 0, 1) 1
(0, 0, 0, 0, 0, 1, 1, 0) 1
(0, 0, 0, 0, 0, 2, 0, 0) 1
(0, 0, 0, 0, 1, 0, 0, 0) 1
(0, 0, 0, 0, 1, 0, 0, 1) 1
(0, 0, 0, 0, 1, 0, 1, 0) 1
(0, 0, 0, 0, 1, 1, 0, 0) 1
(0, 0, 0, 0, 2, 0, 0, 0) 1
(0, 0, 0, 1, 0, 0, 0, 0) 1
(0, 0, 0, 1, 0, 0, 0, 1) 1
(0, 0, 0, 1, 0, 0, 1, 0) 1
(0, 0, 0, 1, 0, 1, 0, 0) 1
(0, 0, 0, 1, 0, 1, 0, 1) 1
(0, 0, 0, 1, 0, 1, 1, 0) 1
(0, 0, 0, 1, 0, 2, 0, 0) 1
(0, 0, 0, 1, 1, 0, 0, 0) 1
(0, 0, 0, 1, 1, 0, 0, 1) 1
(0, 0, 0, 1, 1, 0, 1, 0) 1
(0, 0, 0, 1, 1, 1, 0, 0) 1
(0, 0, 0, 1, 2, 0, 0, 0) 1
(0, 0, 0, 2, 0, 0, 0, 0) 1
(0, 0, 0, 2, 0, 0, 0, 1) 1
(0, 0, 0, 2, 0, 0, 1, 0) 1
(0, 0, 0, 2, 0, 1, 0, 0) 1
(0, 0, 0, 2, 1, 0, 0, 0) 1
(0, 0, 0, 3, 0, 0, 0, 0) 1
(0, 0, 0, 3, 0, 1, 0, 0) 1
(0, 0, 0, 3, 1, 0, 0, 0) 1
(0, 0, 0, 4, 0, 0, 0, 0) 1
(0, 0, 1, 0, 0, 0, 0, 0) 1
(0, 0, 1, 0, 0, 0, 0, 1) 1
(0, 0, 1, 0, 0, 0, 1, 0) 1
(0, 0, 1, 0, 0, 1, 0, 0) 1
(0, 0, 1, 0, 0, 1, 0, 1) 1
(0, 0, 1, 0, 0, 1, 1, 0) 1
(0, 0, 1, 0, 0, 2, 0, 0) 1
(0, 0, 1, 0, 1, 0, 0, 0) 1
(0, 0, 1, 0, 1, 0, 0, 1) 1
(0, 0, 1, 0, 1, 0, 1, 0) 1
(0, 0, 1, 0, 1, 1, 0, 0) 1
(0, 0, 1, 0, 2, 0, 0, 0) 1
(0, 0, 1, 1, 0, 0, 0, 0) 1
(0, 0, 1, 1, 0, 0, 0, 1) 1
(0, 0, 1, 1, 0, 0, 1, 0) 1
(0, 0, 1, 1, 0, 1, 0, 0) 1
(0, 0, 1, 1, 1, 0, 0, 0) 1
(0, 0, 1, 2, 0, 0, 0, 0) 1
(0, 0, 1, 2, 0, 1, 0, 0) 1
(0, 0, 1, 2, 1, 0, 0, 0) 1
(0, 0, 1, 3, 0, 0, 0, 0) 1
(0, 0, 2, 0, 0, 0, 0, 0) 1
(0, 0, 2, 0, 0, 0, 0, 1) 1
(0, 0, 2, 0, 0, 0, 1, 0) 1
(0, 0, 2, 0, 0, 1, 0, 0) 1
(0, 0, 2, 0, 1, 0, 0, 0) 1
(0, 0, 2, 1, 0, 0, 0, 0) 1
(0, 0, 2, 1, 0, 1, 0, 0) 1
(0, 0, 2, 1, 1, 0, 0, 0) 1
(0, 0, 2, 2, 0, 0, 0, 0) 1
(0, 0, 3, 0, 0, 0, 0, 0) 1
(0, 0, 3, 0, 0, 0, 0, 1) 1
(0, 0, 3, 0, 0, 0, 1, 0) 1
(0, 0, 3, 0, 0, 1, 0, 0) 1
(0, 0, 3, 0, 1, 0, 0, 0) 1
(0, 0, 3, 1, 0, 0, 0, 0) 1
(0, 0, 4, 0, 0, 0, 0, 0) 1
(0, 0, 4, 1, 0, 0, 0, 0) 1
(0, 0, 5, 0, 0, 0, 0, 0) 1
(0, 1, 0, 0, 0, 0, 0, 0) 1
(0, 1, 0, 0, 0, 0, 0, 1) 1
(0, 1, 0, 0, 0, 0, 0, 2) 1
(0, 1, 0, 0, 0, 0, 1, 0) 1
(0, 1, 0, 0, 0, 0, 1, 1) 1
(0, 1, 0, 0, 0, 0, 2, 0) 1
(0, 1, 0, 0, 0, 1, 0, 0) 1
(0, 1, 0, 0, 0, 1, 0, 1) 1
(0, 1, 0, 0, 0, 1, 1, 0) 1
(0, 1, 0, 0, 0, 2, 0, 0) 1
(0, 1, 0, 0, 1, 0, 0, 0) 1
(0, 1, 0, 0, 1, 0, 0, 1) 1
(0, 1, 0, 0, 1, 0, 1, 0) 1
(0, 1, 0, 0, 1, 1, 0, 0) 1
(0, 1, 0, 0, 2, 0, 0, 0) 1
(0, 1, 0, 1, 0, 0, 0, 0) 1
(0, 1, 0, 1, 0, 0, 0, 1) 1
(0, 1, 0, 1, 0, 0, 1, 0) 1
(0, 1, 0, 1, 0, 1, 0, 0) 1
(0, 1, 0, 1, 1, 0, 0, 0) 1
(0, 1, 0, 2, 0, 0, 0, 0) 1
(0, 1, 0, 2, 0, 0, 0, 1) 1
(0, 1, 0, 2, 0, 0, 1, 0) 1
(0, 1, 0, 2, 0, 1, 0, 0) 1
(0, 1, 0, 2, 1, 0, 0, 0) 1
(0, 1, 0, 3, 0, 0, 0, 0) 1
(0, 1, 0, 4, 0, 0, 0, 0) 1
(0, 1, 1, 0, 0, 0, 0, 0) 1
(0, 1, 1, 0, 0, 0, 0, 1) 1
(0, 1, 1, 0, 0, 0, 1, 0) 1
(0, 1, 1, 0, 0, 1, 0, 0) 1
(0, 1, 1, 0, 1, 0, 0, 0) 1
(0, 1, 1, 1, 0, 0, 0, 0) 1
(0, 1, 1, 1, 0, 0, 0, 1) 1
(0, 1, 1, 1, 0, 0, 1, 0) 1
(0, 1, 1, 1, 0, 1, 0, 0) 1
(0, 1, 1, 1, 1, 0, 0, 0) 1
(0, 1, 1, 2, 0, 0, 0, 0) 1
(0, 1, 1, 3, 0, 0, 0, 0) 1
(0, 1, 2, 0, 0, 0, 0, 0) 1
(0, 1, 2, 0, 0, 0, 0, 1) 1
(0, 1, 2, 0, 0, 0, 1, 0) 1
(0, 1, 2, 0, 0, 1, 0, 0) 1
(0, 1, 2, 0, 1, 0, 0, 0) 1
(0, 1, 2, 1, 0, 0, 0, 0) 1
(0, 1, 2, 2, 0, 0, 0, 0) 1
(0, 1, 3, 0, 0, 0, 0, 0) 1
(0, 1, 3, 1, 0, 0, 0, 0) 1
(0, 1, 4, 0, 0, 0, 0, 0) 1
(0, 2, 0, 0, 0, 0, 0, 0) 1
(0, 2, 0, 0, 0, 0, 0, 1) 1
(0, 2, 0, 0, 0, 0, 1, 0) 1
(0, 2, 0, 0, 0, 1, 0, 0) 1
(0, 2, 0, 0, 0, 2, 0, 0) 1
(0, 2, 0, 0, 1, 0, 0, 0) 1
(0, 2, 0, 0, 1, 1, 0, 0) 1
(0, 2, 0, 0, 2, 0, 0, 0) 1
(0, 2, 0, 1, 0, 0, 0, 0) 1
(0, 2, 0, 1, 0, 0, 0, 1) 1
(0, 2, 0, 1, 0, 0, 1, 0) 1
(0, 2, 0, 1, 0, 1, 0, 0) 1
(0, 2, 0, 1, 1, 0, 0, 0) 1
(0, 2, 0, 2, 0, 0, 0, 0) 1
(0, 2, 0, 3, 0, 0, 0, 0) 1
(0, 2, 1, 0, 0, 0, 0, 0) 1
(0, 2, 1, 0, 0, 0, 0, 1) 1
(0, 2, 1, 0, 0, 0, 1, 0) 1
(0, 2, 1, 0, 0, 1, 0, 0) 1
(0, 2, 1, 0, 1, 0, 0, 0) 1
(0, 2, 1, 1, 0, 0, 0, 0) 1
(0, 2, 1, 2, 0, 0, 0, 0) 1
(0, 2, 2, 0, 0, 0, 0, 0) 1
(0, 2, 2, 1, 0, 0, 0, 0) 1
(0, 2, 3, 0, 0, 0, 0, 0) 1
(0, 3, 0, 0, 0, 0, 0, 0) 1
(0, 3, 0, 0, 0, 0, 0, 1) 1
(0, 3, 0, 0, 0, 0, 1, 0) 1
(0, 3, 0, 0, 0, 1, 0, 0) 1
(0, 3, 0, 0, 1, 0, 0, 0) 1
(0, 3, 0, 1, 0, 0, 0, 0) 1
(0, 3, 0, 1, 0, 1, 0, 0) 1
(0, 3, 0, 1, 1, 0, 0, 0) 1
(0, 3, 0, 2, 0, 0, 0, 0) 1
(0, 3, 1, 0, 0, 0, 0, 0) 1
(0, 3, 1, 0, 0, 1, 0, 0) 1
(0, 3, 1, 0, 1, 0, 0, 0) 1
(0, 3, 1, 1, 0, 0, 0, 0) 1
(0, 3, 2, 0, 0, 0, 0, 0) 1
(0, 4, 0, 0, 0, 0, 0, 0) 1
(0, 4, 0, 0, 0, 0, 0, 1) 1
(0, 4, 0, 0, 0, 0, 1, 0) 1
(0, 4, 0, 0, 0, 1, 0, 0) 1
(0, 4, 0, 0, 1, 0, 0, 0) 1
(0, 4, 0, 1, 0, 0, 0, 0) 1
(0, 4, 0, 2, 0, 0, 0, 0) 1
(0, 4, 1, 0, 0, 0, 0, 0) 1
(0, 4, 1, 1, 0, 0, 0, 0) 1
(0, 4, 2, 0, 0, 0, 0, 0) 1
(0, 5, 0, 0, 0, 0, 0, 0) 1
(0, 5, 0, 1, 0, 0, 0, 0) 1
(0, 5, 1, 0, 0, 0, 0, 0) 1
(0, 6, 0, 0, 0, 0, 0, 0) 1
(1, 0, 0, 0, 0, 0, 0, 0) 1
(1, 0, 0, 0, 0, 0, 0, 1) 1
(1, 0, 0, 0, 0, 0, 0, 2) 1
(1, 0, 0, 0, 0, 0, 1, 0) 1
(1, 0, 0, 0, 0, 0, 1, 1) 1
(1, 0, 0, 0, 0, 0, 2, 0) 1
(1, 0, 0, 0, 0, 1, 0, 0) 1
(1, 0, 0, 0, 0, 1, 0, 1) 1
(1, 0, 0, 0, 0, 1, 1, 0) 1
(1, 0, 0, 0, 0, 2, 0, 0) 1
(1, 0, 0, 0, 1, 0, 0, 0) 1
(1, 0, 0, 0, 1, 0, 0, 1) 1
(1, 0, 0, 0, 1, 0, 1, 0) 1
(1, 0, 0, 0, 1, 1, 0, 0) 1
(1, 0, 0, 0, 2, 0, 0, 0) 1
(1, 0, 0, 1, 0, 0, 0, 0) 1
(1, 0, 0, 1, 0, 0, 0, 1) 1
(1, 0, 0, 1, 0, 0, 1, 0) 1
(1, 0, 0, 1, 0, 1, 0, 0) 1
(1, 0, 0, 1, 1, 0, 0, 0) 1
(1, 0, 0, 2, 0, 0, 0, 0) 1
(1, 0, 0, 2, 0, 0, 0, 1) 1
(1, 0, 0, 2, 0, 0, 1, 0) 1
(1, 0, 0, 2, 0, 1, 0, 0) 1
(1, 0, 0, 2, 1, 0, 0, 0) 1
(1, 0, 0, 3, 0, 0, 0, 0) 1
(1, 0, 0, 4, 0, 0, 0, 0) 1
(1, 0, 1, 0, 0, 0, 0, 0) 1
(1, 0, 1, 0, 0, 0, 0, 1) 1
(1, 0, 1, 0, 0, 0, 1, 0) 1
(1, 0, 1, 0, 0, 1, 0, 0) 1
(1, 0, 1, 0, 1, 0, 0, 0) 1
(1, 0, 1, 1, 0, 0, 0, 0) 1
(1, 0, 1, 1, 0, 0, 0, 1) 1
(1, 0, 1, 1, 0, 0, 1, 0) 1
(1, 0, 1, 1, 0, 1, 0, 0) 1
(1, 0, 1, 1, 1, 0, 0, 0) 1
(1, 0, 1, 2, 0, 0, 0, 0) 1
(1, 0, 1, 3, 0, 0, 0, 0) 1
(1, 0, 2, 0, 0, 0, 0, 0) 1
(1, 0, 2, 0, 0, 0, 0, 1) 1
(1, 0, 2, 0, 0, 0, 1, 0) 1
(1, 0, 2, 0, 0, 1, 0, 0) 1
(1, 0, 2, 0, 1, 0, 0, 0) 1
(1, 0, 2, 1, 0, 0, 0, 0) 1
(1, 0, 2, 2, 0, 0, 0, 0) 1
(1, 0, 3, 0, 0, 0, 0, 0) 1
(1, 0, 3, 1, 0, 0, 0, 0) 1
(1, 0, 4, 0, 0, 0, 0, 0) 1
(1, 1, 0, 0, 0, 0, 0, 0) 1
(1, 1, 0, 0, 0, 0, 0, 1) 1
(1, 1, 0, 0, 0, 0, 1, 0) 1
(1, 1, 0, 0, 0, 1, 0, 0) 1
(1, 1, 0, 0, 0, 2, 0, 0) 1
(1, 1, 0, 0, 1, 0, 0, 0) 1
(1, 1, 0, 0, 1, 1, 0, 0) 1
(1, 1, 0, 0, 2, 0, 0, 0) 1
(1, 1, 0, 1, 0, 0, 0, 0) 1
(1, 1, 0, 1, 0, 0, 0, 1) 1
(1, 1, 0, 1, 0, 0, 1, 0) 1
(1, 1, 0, 1, 0, 1, 0, 0) 1
(1, 1, 0, 1, 1, 0, 0, 0) 1
(1, 1, 0, 2, 0, 0, 0, 0) 1
(1, 1, 0, 3, 0, 0, 0, 0) 1
(1, 1, 1, 0, 0, 0, 0, 0) 1
(1, 1, 1, 0, 0, 0, 0, 1) 1
(1, 1, 1, 0, 0, 0, 1, 0) 1
(1, 1, 1, 0, 0, 1, 0, 0) 1
(1, 1, 1, 0, 1, 0, 0, 0) 1
(1, 1, 1, 1, 0, 0, 0, 0) 1
(1, 1, 1, 2, 0, 0, 0, 0) 1
(1, 1, 2, 0, 0, 0, 0, 0) 1
(1, 1, 2, 1, 0, 0, 0, 0) 1
(1, 1, 3, 0, 0, 0, 0, 0) 1
(1, 2, 0, 0, 0, 0, 0, 0) 1
(1, 2, 0, 0, 0, 0, 0, 1) 1
(1, 2, 0, 0, 0, 0, 1, 0) 1
(1, 2, 0, 0, 0, 1, 0, 0) 1
(1, 2, 0, 0, 1, 0, 0, 0) 1
(1, 2, 0, 1, 0, 0, 0, 0) 1
(1, 2, 0, 1, 0, 1, 0, 0) 1
(1, 2, 0, 1, 1, 0, 0, 0) 1
(1, 2, 0, 2, 0, 0, 0, 0) 1
(1, 2, 1, 0, 0, 0, 0, 0) 1
(1, 2, 1, 0, 0, 1, 0, 0) 1
(1, 2, 1, 0, 1, 0, 0, 0) 1
(1, 2, 1, 1, 0, 0, 0, 0) 1
(1, 2, 2, 0, 0, 0, 0, 0) 1
(1, 3, 0, 0, 0, 0, 0, 0) 1
(1, 3, 0, 0, 0, 0, 0, 1) 1
(1, 3, 0, 0, 0, 0, 1, 0) 1
(1, 3, 0, 0, 0, 1, 0, 0) 1
(1, 3, 0, 0, 1, 0, 0, 0) 1
(1, 3, 0, 1, 0, 0, 0, 0) 1
(1, 3, 0, 2, 0, 0, 0, 0) 1
(1, 3, 1, 0, 0, 0, 0, 0) 1
(1, 3, 1, 1, 0, 0, 0, 0) 1
(1, 3, 2, 0, 0, 0, 0, 0) 1
(1, 4, 0, 0, 0, 0, 0, 0) 1
(1, 4, 0, 1, 0, 0, 0, 0) 1
(1, 4, 1, 0, 0, 0, 0, 0) 1
(1, 5, 0, 0, 0, 0, 0, 0) 1
(2, 0, 0, 0, 0, 0, 0, 0) 1
(2, 0, 0, 0, 0, 0, 0, 1) 1
(2, 0, 0, 0, 0, 0, 1, 0) 1
(2, 0, 0, 0, 0, 1, 0, 0) 1
(2, 0, 0, 0, 0, 1, 0, 1) 1
(2, 0, 0, 0, 0, 1, 1, 0) 1
(2, 0, 0, 0, 0, 2, 0, 0) 1
(2, 0, 0, 0, 1, 0, 0, 0) 1
(2, 0, 0, 0, 1, 0, 0, 1) 1
(2, 0, 0, 0, 1, 0, 1, 0) 1
(2, 0, 0, 0, 1, 1, 0, 0) 1
(2, 0, 0, 0, 2, 0, 0, 0) 1
(2, 0, 0, 1, 0, 0, 0, 0) 1
(2, 0, 0, 1, 0, 0, 0, 1) 1
(2, 0, 0, 1, 0, 0, 1, 0) 1
(2, 0, 0, 1, 0, 1, 0, 0) 1
(2, 0, 0, 1, 1, 0, 0, 0) 1
(2, 0, 0, 2, 0, 0, 0, 0) 1
(2, 0, 0, 2, 0, 1, 0, 0) 1
(2, 0, 0, 2, 1, 0, 0, 0) 1
(2, 0, 0, 3, 0, 0, 0, 0) 1
(2, 0, 1, 0, 0, 0, 0, 0) 1
(2, 0, 1, 0, 0, 0, 0, 1) 1
(2, 0, 1, 0, 0, 0, 1, 0) 1
(2, 0, 1, 0, 0, 1, 0, 0) 1
(2, 0, 1, 0, 1, 0, 0, 0) 1
(2, 0, 1, 1, 0, 0, 0, 0) 1
(2, 0, 1, 1, 0, 1, 0, 0) 1
(2, 0, 1, 1, 1, 0, 0, 0) 1
(2, 0, 1, 2, 0, 0, 0, 0) 1
(2, 0, 2, 0, 0, 0, 0, 0) 1
(2, 0, 2, 0, 0, 1, 0, 0) 1
(2, 0, 2, 0, 1, 0, 0, 0) 1
(2, 0, 2, 1, 0, 0, 0, 0) 1
(2, 0, 3, 0, 0, 0, 0, 0) 1
(2, 1, 0, 0, 0, 0, 0, 0) 1
(2, 1, 0, 0, 0, 0, 0, 1) 1
(2, 1, 0, 0, 0, 0, 1, 0) 1
(2, 1, 0, 0, 0, 1, 0, 0) 1
(2, 1, 0, 0, 1, 0, 0, 0) 1
(2, 1, 0, 1, 0, 0, 0, 0) 1
(2, 1, 0, 1, 0, 0, 1, 0) 1
(2, 1, 0, 1, 0, 1, 0, 0) 1
(2, 1, 0, 1, 1, 0, 0, 0) 1
(2, 1, 0, 2, 0, 0, 0, 0) 1
(2, 1, 0, 3, 0, 0, 0, 0) 1
(2, 1, 1, 0, 0, 0, 0, 0) 1
(2, 1, 1, 0, 0, 0, 0, 1) 1
(2, 1, 1, 0, 0, 0, 1, 0) 1
(2, 1, 1, 0, 0, 1, 0, 0) 1
(2, 1, 1, 0, 1, 0, 0, 0) 1
(2, 1, 1, 1, 0, 0, 0, 0) 1
(2, 1, 1, 2, 0, 0, 0, 0) 1
(2, 1, 2, 0, 0, 0, 0, 0) 1
(2, 1, 2, 1, 0, 0, 0, 0) 1
(2, 1, 3, 0, 0, 0, 0, 0) 1
(2, 2, 0, 0, 0, 0, 0, 0) 1
(2, 2, 0, 0, 0, 0, 0, 1) 1
(2, 2, 0, 0, 0, 0, 1, 0) 1
(2, 2, 0, 0, 0, 1, 0, 0) 1
(2, 2, 0, 0, 1, 0, 0, 0) 1
(2, 2, 0, 1, 0, 0, 0, 0) 1
(2, 2, 0, 2, 0, 0, 0, 0) 1
(2, 2, 1, 0, 0, 0, 0, 0) 1
(2, 2, 1, 1, 0, 0, 0, 0) 1
(2, 2, 2, 0, 0, 0, 0, 0) 1
(2, 3, 0, 0, 0, 0, 0, 0) 1
(2, 3, 0, 1, 0, 0, 0, 0) 1
(2, 3, 1, 0, 0, 0, 0, 0) 1
(2, 4, 0, 0, 0, 0, 0, 0) 1
(2, 5, 0, 0, 0, 0, 0, 0) 1
(3, 0, 0, 0, 0, 0, 0, 0) 1
(3, 0, 0, 0, 0, 0, 0, 1) 1
(3, 0, 0, 0, 0, 0, 1, 0) 1
(3, 0, 0, 0, 0, 1, 0, 0) 1
(3, 0, 0, 0, 1, 0, 0, 0) 1
(3, 0, 0, 1, 0, 0, 0, 0) 1
(3, 0, 0, 1, 0, 0, 0, 1) 1
(3, 0, 0, 1, 0, 0, 1, 0) 1
(3, 0, 0, 1, 0, 1, 0, 0) 1
(3, 0, 0, 1, 1, 0, 0, 0) 1
(3, 0, 0, 2, 0, 0, 0, 0) 1
(3, 0, 0, 3, 0, 0, 0, 0) 1
(3, 0, 1, 0, 0, 0, 0, 0) 1
(3, 0, 1, 0, 0, 0, 0, 1) 1
(3, 0, 1, 0, 0, 0, 1, 0) 1
(3, 0, 1, 0, 0, 1, 0, 0) 1
(3, 0, 1, 0, 1, 0, 0, 0) 1
(3, 0, 1, 1, 0, 0, 0, 0) 1
(3, 0, 1, 2, 0, 0, 0, 0) 1
(3, 0, 2, 0, 0, 0, 0, 0) 1
(3, 0, 2, 1, 0, 0, 0, 0) 1
(3, 0, 3, 0, 0, 0, 0, 0) 1
(3, 1, 0, 0, 0, 0, 0, 0) 1
(3, 1, 0, 0, 0, 0, 0, 1) 1
(3, 1, 0, 0, 0, 0, 1, 0) 1
(3, 1, 0, 0, 0, 1, 0, 0) 1
(3, 1, 0, 0, 1, 0, 0, 0) 1
(3, 1, 0, 1, 0, 0, 0, 0) 1
(3, 1, 0, 2, 0, 0, 0, 0) 1
(3, 1, 1, 0, 0, 0, 0, 0) 1
(3, 1, 1, 1, 0, 0, 0, 0) 1
(3, 1, 2, 0, 0, 0, 0, 0) 1
(3, 2, 0, 0, 0, 0, 0, 0) 1
(3, 2, 0, 1, 0, 0, 0, 0) 1
(3, 2, 1, 0, 0, 0, 0, 0) 1
(3, 3, 0, 0, 0, 0, 0, 0) 1
(3, 4, 0, 0, 0, 0, 0, 0) 1
(4, 0, 0, 0, 0, 0, 0, 0) 1
(4, 0, 0, 0, 0, 0, 0, 1) 1
(4, 0, 0, 0, 0, 0, 1, 0) 1
(4, 0, 0, 0, 0, 1, 0, 0) 1
(4, 0, 0, 0, 1, 0, 0, 0) 1
(4, 0, 0, 1, 0, 0, 0, 0) 1
(4, 0, 0, 2, 0, 0, 0, 0) 1
(4, 0, 1, 0, 0, 0, 0, 0) 1
(4, 0, 1, 1, 0, 0, 0, 0) 1
(4, 0, 2, 0, 0, 0, 0, 0) 1
(4, 1, 0, 0, 0, 0, 0, 0) 1
(4, 1, 0, 0, 0, 1, 0, 0) 1
(4, 1, 0, 0, 1, 0, 0, 0) 1
(4, 1, 0, 1, 0, 0, 0, 0) 1
(4, 1, 1, 0, 0, 0, 0, 0) 1
(4, 2, 0, 0, 0, 0, 0, 0) 1
(4, 2, 0, 1, 0, 0, 0, 0) 1
(4, 2, 1, 0, 0, 0, 0, 0) 1
(4, 3, 0, 0, 0, 0, 0, 0) 1
(5, 0, 0, 0, 0, 0, 0, 0) 1
(5, 0, 0, 0, 0, 1, 0, 0) 1
(5, 0, 0, 0, 1, 0, 0, 0) 1
(5, 0, 0, 1, 0, 0, 0, 0) 1
(5, 0, 1, 0, 0, 0, 0, 0) 1
(5, 1, 0, 0, 0, 0, 0, 0) 1
(5, 1, 0, 1, 0, 0, 0, 0) 1
(5, 1, 1, 0, 0, 0, 0, 0) 1
(5, 2, 0, 0, 0, 0, 0, 0) 1
(6, 0, 0, 0, 0, 0, 0, 0) 1
(6, 0, 0, 1, 0, 0, 0, 0) 1
(6, 0, 1, 0, 0, 0, 0, 0) 1
(6, 1, 0, 0, 0, 0, 0, 0) 1
(7, 0, 0, 0, 0, 0, 0, 0) 1
Used patterns:
(0, 0, 0, 0, 0, 1, 0, 0) 1.0
(0, 0, 0, 3, 0, 1, 0, 0) 1.0
(0, 0, 3, 0, 0, 0, 0, 1) 1.0
(0, 2, 0, 0, 1, 1, 0, 0) 1.0
(0, 4, 0, 0, 0, 0, 1, 0) 1.0
(1, 0, 1, 0, 1, 0, 0, 0) 1.0
(2, 0, 0, 0, 0, 1, 1, 0) 1.0
(2, 0, 0, 0, 1, 0, 0, 1) 1.0
(2, 0, 1, 1, 1, 0, 0, 0) 1.0
CallbackMIP is feasible, but ILP objective value is 9.0!
* 6994   634              39       0.0000000    0.00000  0.00%  45.9  255s

Cutting planes:
  Cover: 75
  Implied bound: 152
  Clique: 10
  MIR: 13
  RLT: 1
  Lazy constraints: 1332

Explored 7476 nodes (363209 simplex iterations) in 255.80 seconds (254.91 work units)
Thread count was 8 (of 8 available processors)

Solution count 1: 0

Optimal solution found (tolerance 1.00e-04)
Best objective 0.000000000000e+00, best bound 0.000000000000e+00, gap 0.0000%

User-callback calls 55927, time in user-callback 161.71 sec
n0 7
n1 6
n2 5
n3 4
n4 4
n5 4
n6 2
n7 2
n_0^0 1
n_0^1 1
n_0^2 1
n_0^3 1
n_0^4 1
n_0^5 1
n_0^6 1
n_1^0 1
n_1^1 1
n_1^2 1
n_1^3 1
n_1^4 1
n_1^5 1
n_2^0 1
n_2^1 1
n_2^2 1
n_2^3 1
n_2^4 1
n_3^0 1
n_3^1 1
n_3^2 1
n_3^3 1
n_4^0 1
n_4^1 1
n_4^2 1
n_4^3 1
n_5^0 1
n_5^1 1
n_5^2 1
n_5^3 1
n_6^0 1
n_6^1 1
n_7^0 1
n_7^1 1
x(0, 0, 0, 0, 0, 0, 0, 0) 1
x(0, 0, 0, 0, 0, 0, 0, 1) 1
x(0, 0, 0, 0, 0, 0, 0, 2) 1
x(0, 0, 0, 0, 0, 0, 1, 0) 1
x(0, 0, 0, 0, 0, 0, 1, 1) 1
x(0, 0, 0, 0, 0, 0, 2, 0) 1
x(0, 0, 0, 0, 0, 1, 0, 0) 1
x(0, 0, 0, 0, 0, 1, 0, 1) 1
x(0, 0, 0, 0, 0, 1, 1, 0) 1
x(0, 0, 0, 0, 0, 2, 0, 0) 1
x(0, 0, 0, 0, 1, 0, 0, 0) 1
x(0, 0, 0, 0, 1, 0, 0, 1) 1
x(0, 0, 0, 0, 1, 0, 1, 0) 1
x(0, 0, 0, 0, 1, 1, 0, 0) 1
x(0, 0, 0, 0, 2, 0, 0, 0) 1
x(0, 0, 0, 1, 0, 0, 0, 0) 1
x(0, 0, 0, 1, 0, 0, 0, 1) 1
x(0, 0, 0, 1, 0, 0, 1, 0) 1
x(0, 0, 0, 1, 0, 1, 0, 0) 1
x(0, 0, 0, 1, 0, 1, 0, 1) 1
x(0, 0, 0, 1, 0, 1, 1, 0) 1
x(0, 0, 0, 1, 0, 2, 0, 0) 1
x(0, 0, 0, 1, 1, 0, 0, 0) 1
x(0, 0, 0, 1, 1, 0, 0, 1) 1
x(0, 0, 0, 1, 1, 0, 1, 0) 1
x(0, 0, 0, 1, 1, 1, 0, 0) 1
x(0, 0, 0, 1, 2, 0, 0, 0) 1
x(0, 0, 0, 2, 0, 0, 0, 0) 1
x(0, 0, 0, 2, 0, 0, 0, 1) 1
x(0, 0, 0, 2, 0, 0, 1, 0) 1
x(0, 0, 0, 2, 0, 1, 0, 0) 1
x(0, 0, 0, 2, 1, 0, 0, 0) 1
x(0, 0, 0, 3, 0, 0, 0, 0) 1
x(0, 0, 0, 3, 0, 1, 0, 0) 1
x(0, 0, 0, 3, 1, 0, 0, 0) 1
x(0, 0, 0, 4, 0, 0, 0, 0) 1
x(0, 0, 1, 0, 0, 0, 0, 0) 1
x(0, 0, 1, 0, 0, 0, 0, 1) 1
x(0, 0, 1, 0, 0, 0, 1, 0) 1
x(0, 0, 1, 0, 0, 1, 0, 0) 1
x(0, 0, 1, 0, 0, 1, 0, 1) 1
x(0, 0, 1, 0, 0, 1, 1, 0) 1
x(0, 0, 1, 0, 0, 2, 0, 0) 1
x(0, 0, 1, 0, 1, 0, 0, 0) 1
x(0, 0, 1, 0, 1, 0, 0, 1) 1
x(0, 0, 1, 0, 1, 0, 1, 0) 1
x(0, 0, 1, 0, 1, 1, 0, 0) 1
x(0, 0, 1, 0, 2, 0, 0, 0) 1
x(0, 0, 1, 1, 0, 0, 0, 0) 1
x(0, 0, 1, 1, 0, 0, 0, 1) 1
x(0, 0, 1, 1, 0, 0, 1, 0) 1
x(0, 0, 1, 1, 0, 1, 0, 0) 1
x(0, 0, 1, 1, 1, 0, 0, 0) 1
x(0, 0, 1, 2, 0, 0, 0, 0) 1
x(0, 0, 1, 2, 0, 1, 0, 0) 1
x(0, 0, 1, 2, 1, 0, 0, 0) 1
x(0, 0, 1, 3, 0, 0, 0, 0) 1
x(0, 0, 2, 0, 0, 0, 0, 0) 1
x(0, 0, 2, 0, 0, 0, 0, 1) 1
x(0, 0, 2, 0, 0, 0, 1, 0) 1
x(0, 0, 2, 0, 0, 1, 0, 0) 1
x(0, 0, 2, 0, 1, 0, 0, 0) 1
x(0, 0, 2, 1, 0, 0, 0, 0) 1
x(0, 0, 2, 1, 0, 1, 0, 0) 1
x(0, 0, 2, 1, 1, 0, 0, 0) 1
x(0, 0, 2, 2, 0, 0, 0, 0) 1
x(0, 0, 3, 0, 0, 0, 0, 0) 1
x(0, 0, 3, 0, 0, 0, 0, 1) 1
x(0, 0, 3, 0, 0, 0, 1, 0) 1
x(0, 0, 3, 0, 0, 1, 0, 0) 1
x(0, 0, 3, 0, 1, 0, 0, 0) 1
x(0, 0, 3, 1, 0, 0, 0, 0) 1
x(0, 0, 4, 0, 0, 0, 0, 0) 1
x(0, 0, 4, 1, 0, 0, 0, 0) 1
x(0, 0, 5, 0, 0, 0, 0, 0) 1
x(0, 1, 0, 0, 0, 0, 0, 0) 1
x(0, 1, 0, 0, 0, 0, 0, 1) 1
x(0, 1, 0, 0, 0, 0, 0, 2) 1
x(0, 1, 0, 0, 0, 0, 1, 0) 1
x(0, 1, 0, 0, 0, 0, 1, 1) 1
x(0, 1, 0, 0, 0, 0, 2, 0) 1
x(0, 1, 0, 0, 0, 1, 0, 0) 1
x(0, 1, 0, 0, 0, 1, 0, 1) 1
x(0, 1, 0, 0, 0, 1, 1, 0) 1
x(0, 1, 0, 0, 0, 2, 0, 0) 1
x(0, 1, 0, 0, 1, 0, 0, 0) 1
x(0, 1, 0, 0, 1, 0, 0, 1) 1
x(0, 1, 0, 0, 1, 0, 1, 0) 1
x(0, 1, 0, 0, 1, 1, 0, 0) 1
x(0, 1, 0, 0, 2, 0, 0, 0) 1
x(0, 1, 0, 1, 0, 0, 0, 0) 1
x(0, 1, 0, 1, 0, 0, 0, 1) 1
x(0, 1, 0, 1, 0, 0, 1, 0) 1
x(0, 1, 0, 1, 0, 1, 0, 0) 1
x(0, 1, 0, 1, 1, 0, 0, 0) 1
x(0, 1, 0, 2, 0, 0, 0, 0) 1
x(0, 1, 0, 2, 0, 0, 0, 1) 1
x(0, 1, 0, 2, 0, 0, 1, 0) 1
x(0, 1, 0, 2, 0, 1, 0, 0) 1
x(0, 1, 0, 2, 1, 0, 0, 0) 1
x(0, 1, 0, 3, 0, 0, 0, 0) 1
x(0, 1, 0, 4, 0, 0, 0, 0) 1
x(0, 1, 1, 0, 0, 0, 0, 0) 1
x(0, 1, 1, 0, 0, 0, 0, 1) 1
x(0, 1, 1, 0, 0, 0, 1, 0) 1
x(0, 1, 1, 0, 0, 1, 0, 0) 1
x(0, 1, 1, 0, 1, 0, 0, 0) 1
x(0, 1, 1, 1, 0, 0, 0, 0) 1
x(0, 1, 1, 1, 0, 0, 0, 1) 1
x(0, 1, 1, 1, 0, 0, 1, 0) 1
x(0, 1, 1, 1, 0, 1, 0, 0) 1
x(0, 1, 1, 1, 1, 0, 0, 0) 1
x(0, 1, 1, 2, 0, 0, 0, 0) 1
x(0, 1, 1, 3, 0, 0, 0, 0) 1
x(0, 1, 2, 0, 0, 0, 0, 0) 1
x(0, 1, 2, 0, 0, 0, 0, 1) 1
x(0, 1, 2, 0, 0, 0, 1, 0) 1
x(0, 1, 2, 0, 0, 1, 0, 0) 1
x(0, 1, 2, 0, 1, 0, 0, 0) 1
x(0, 1, 2, 1, 0, 0, 0, 0) 1
x(0, 1, 2, 2, 0, 0, 0, 0) 1
x(0, 1, 3, 0, 0, 0, 0, 0) 1
x(0, 1, 3, 1, 0, 0, 0, 0) 1
x(0, 1, 4, 0, 0, 0, 0, 0) 1
x(0, 2, 0, 0, 0, 0, 0, 0) 1
x(0, 2, 0, 0, 0, 0, 0, 1) 1
x(0, 2, 0, 0, 0, 0, 1, 0) 1
x(0, 2, 0, 0, 0, 1, 0, 0) 1
x(0, 2, 0, 0, 0, 2, 0, 0) 1
x(0, 2, 0, 0, 1, 0, 0, 0) 1
x(0, 2, 0, 0, 1, 1, 0, 0) 1
x(0, 2, 0, 0, 2, 0, 0, 0) 1
x(0, 2, 0, 1, 0, 0, 0, 0) 1
x(0, 2, 0, 1, 0, 0, 0, 1) 1
x(0, 2, 0, 1, 0, 0, 1, 0) 1
x(0, 2, 0, 1, 0, 1, 0, 0) 1
x(0, 2, 0, 1, 1, 0, 0, 0) 1
x(0, 2, 0, 2, 0, 0, 0, 0) 1
x(0, 2, 0, 3, 0, 0, 0, 0) 1
x(0, 2, 1, 0, 0, 0, 0, 0) 1
x(0, 2, 1, 0, 0, 0, 0, 1) 1
x(0, 2, 1, 0, 0, 0, 1, 0) 1
x(0, 2, 1, 0, 0, 1, 0, 0) 1
x(0, 2, 1, 0, 1, 0, 0, 0) 1
x(0, 2, 1, 1, 0, 0, 0, 0) 1
x(0, 2, 1, 2, 0, 0, 0, 0) 1
x(0, 2, 2, 0, 0, 0, 0, 0) 1
x(0, 2, 2, 1, 0, 0, 0, 0) 1
x(0, 2, 3, 0, 0, 0, 0, 0) 1
x(0, 3, 0, 0, 0, 0, 0, 0) 1
x(0, 3, 0, 0, 0, 0, 0, 1) 1
x(0, 3, 0, 0, 0, 0, 1, 0) 1
x(0, 3, 0, 0, 0, 1, 0, 0) 1
x(0, 3, 0, 0, 1, 0, 0, 0) 1
x(0, 3, 0, 1, 0, 0, 0, 0) 1
x(0, 3, 0, 1, 0, 1, 0, 0) 1
x(0, 3, 0, 1, 1, 0, 0, 0) 1
x(0, 3, 0, 2, 0, 0, 0, 0) 1
x(0, 3, 1, 0, 0, 0, 0, 0) 1
x(0, 3, 1, 0, 0, 1, 0, 0) 1
x(0, 3, 1, 0, 1, 0, 0, 0) 1
x(0, 3, 1, 1, 0, 0, 0, 0) 1
x(0, 3, 2, 0, 0, 0, 0, 0) 1
x(0, 4, 0, 0, 0, 0, 0, 0) 1
x(0, 4, 0, 0, 0, 0, 0, 1) 1
x(0, 4, 0, 0, 0, 0, 1, 0) 1
x(0, 4, 0, 0, 0, 1, 0, 0) 1
x(0, 4, 0, 0, 1, 0, 0, 0) 1
x(0, 4, 0, 1, 0, 0, 0, 0) 1
x(0, 4, 0, 2, 0, 0, 0, 0) 1
x(0, 4, 1, 0, 0, 0, 0, 0) 1
x(0, 4, 1, 1, 0, 0, 0, 0) 1
x(0, 4, 2, 0, 0, 0, 0, 0) 1
x(0, 5, 0, 0, 0, 0, 0, 0) 1
x(0, 5, 0, 1, 0, 0, 0, 0) 1
x(0, 5, 1, 0, 0, 0, 0, 0) 1
x(0, 6, 0, 0, 0, 0, 0, 0) 1
x(1, 0, 0, 0, 0, 0, 0, 0) 1
x(1, 0, 0, 0, 0, 0, 0, 1) 1
x(1, 0, 0, 0, 0, 0, 0, 2) 1
x(1, 0, 0, 0, 0, 0, 1, 0) 1
x(1, 0, 0, 0, 0, 0, 1, 1) 1
x(1, 0, 0, 0, 0, 0, 2, 0) 1
x(1, 0, 0, 0, 0, 1, 0, 0) 1
x(1, 0, 0, 0, 0, 1, 0, 1) 1
x(1, 0, 0, 0, 0, 1, 1, 0) 1
x(1, 0, 0, 0, 0, 2, 0, 0) 1
x(1, 0, 0, 0, 1, 0, 0, 0) 1
x(1, 0, 0, 0, 1, 0, 0, 1) 1
x(1, 0, 0, 0, 1, 0, 1, 0) 1
x(1, 0, 0, 0, 1, 1, 0, 0) 1
x(1, 0, 0, 0, 2, 0, 0, 0) 1
x(1, 0, 0, 1, 0, 0, 0, 0) 1
x(1, 0, 0, 1, 0, 0, 0, 1) 1
x(1, 0, 0, 1, 0, 0, 1, 0) 1
x(1, 0, 0, 1, 0, 1, 0, 0) 1
x(1, 0, 0, 1, 1, 0, 0, 0) 1
x(1, 0, 0, 2, 0, 0, 0, 0) 1
x(1, 0, 0, 2, 0, 0, 0, 1) 1
x(1, 0, 0, 2, 0, 0, 1, 0) 1
x(1, 0, 0, 2, 0, 1, 0, 0) 1
x(1, 0, 0, 2, 1, 0, 0, 0) 1
x(1, 0, 0, 3, 0, 0, 0, 0) 1
x(1, 0, 0, 4, 0, 0, 0, 0) 1
x(1, 0, 1, 0, 0, 0, 0, 0) 1
x(1, 0, 1, 0, 0, 0, 0, 1) 1
x(1, 0, 1, 0, 0, 0, 1, 0) 1
x(1, 0, 1, 0, 0, 1, 0, 0) 1
x(1, 0, 1, 0, 1, 0, 0, 0) 1
x(1, 0, 1, 1, 0, 0, 0, 0) 1
x(1, 0, 1, 1, 0, 0, 0, 1) 1
x(1, 0, 1, 1, 0, 0, 1, 0) 1
x(1, 0, 1, 1, 0, 1, 0, 0) 1
x(1, 0, 1, 1, 1, 0, 0, 0) 1
x(1, 0, 1, 2, 0, 0, 0, 0) 1
x(1, 0, 1, 3, 0, 0, 0, 0) 1
x(1, 0, 2, 0, 0, 0, 0, 0) 1
x(1, 0, 2, 0, 0, 0, 0, 1) 1
x(1, 0, 2, 0, 0, 0, 1, 0) 1
x(1, 0, 2, 0, 0, 1, 0, 0) 1
x(1, 0, 2, 0, 1, 0, 0, 0) 1
x(1, 0, 2, 1, 0, 0, 0, 0) 1
x(1, 0, 2, 2, 0, 0, 0, 0) 1
x(1, 0, 3, 0, 0, 0, 0, 0) 1
x(1, 0, 3, 1, 0, 0, 0, 0) 1
x(1, 0, 4, 0, 0, 0, 0, 0) 1
x(1, 1, 0, 0, 0, 0, 0, 0) 1
x(1, 1, 0, 0, 0, 0, 0, 1) 1
x(1, 1, 0, 0, 0, 0, 1, 0) 1
x(1, 1, 0, 0, 0, 1, 0, 0) 1
x(1, 1, 0, 0, 0, 2, 0, 0) 1
x(1, 1, 0, 0, 1, 0, 0, 0) 1
x(1, 1, 0, 0, 1, 1, 0, 0) 1
x(1, 1, 0, 0, 2, 0, 0, 0) 1
x(1, 1, 0, 1, 0, 0, 0, 0) 1
x(1, 1, 0, 1, 0, 0, 0, 1) 1
x(1, 1, 0, 1, 0, 0, 1, 0) 1
x(1, 1, 0, 1, 0, 1, 0, 0) 1
x(1, 1, 0, 1, 1, 0, 0, 0) 1
x(1, 1, 0, 2, 0, 0, 0, 0) 1
x(1, 1, 0, 3, 0, 0, 0, 0) 1
x(1, 1, 1, 0, 0, 0, 0, 0) 1
x(1, 1, 1, 0, 0, 0, 0, 1) 1
x(1, 1, 1, 0, 0, 0, 1, 0) 1
x(1, 1, 1, 0, 0, 1, 0, 0) 1
x(1, 1, 1, 0, 1, 0, 0, 0) 1
x(1, 1, 1, 1, 0, 0, 0, 0) 1
x(1, 1, 1, 2, 0, 0, 0, 0) 1
x(1, 1, 2, 0, 0, 0, 0, 0) 1
x(1, 1, 2, 1, 0, 0, 0, 0) 1
x(1, 1, 3, 0, 0, 0, 0, 0) 1
x(1, 2, 0, 0, 0, 0, 0, 0) 1
x(1, 2, 0, 0, 0, 0, 0, 1) 1
x(1, 2, 0, 0, 0, 0, 1, 0) 1
x(1, 2, 0, 0, 0, 1, 0, 0) 1
x(1, 2, 0, 0, 1, 0, 0, 0) 1
x(1, 2, 0, 1, 0, 0, 0, 0) 1
x(1, 2, 0, 1, 0, 1, 0, 0) 1
x(1, 2, 0, 1, 1, 0, 0, 0) 1
x(1, 2, 0, 2, 0, 0, 0, 0) 1
x(1, 2, 1, 0, 0, 0, 0, 0) 1
x(1, 2, 1, 0, 0, 1, 0, 0) 1
x(1, 2, 1, 0, 1, 0, 0, 0) 1
x(1, 2, 1, 1, 0, 0, 0, 0) 1
x(1, 2, 2, 0, 0, 0, 0, 0) 1
x(1, 3, 0, 0, 0, 0, 0, 0) 1
x(1, 3, 0, 0, 0, 0, 0, 1) 1
x(1, 3, 0, 0, 0, 0, 1, 0) 1
x(1, 3, 0, 0, 0, 1, 0, 0) 1
x(1, 3, 0, 0, 1, 0, 0, 0) 1
x(1, 3, 0, 1, 0, 0, 0, 0) 1
x(1, 3, 0, 2, 0, 0, 0, 0) 1
x(1, 3, 1, 0, 0, 0, 0, 0) 1
x(1, 3, 1, 1, 0, 0, 0, 0) 1
x(1, 3, 2, 0, 0, 0, 0, 0) 1
x(1, 4, 0, 0, 0, 0, 0, 0) 1
x(1, 4, 0, 1, 0, 0, 0, 0) 1
x(1, 4, 1, 0, 0, 0, 0, 0) 1
x(1, 5, 0, 0, 0, 0, 0, 0) 1
x(2, 0, 0, 0, 0, 0, 0, 0) 1
x(2, 0, 0, 0, 0, 0, 0, 1) 1
x(2, 0, 0, 0, 0, 0, 1, 0) 1
x(2, 0, 0, 0, 0, 1, 0, 0) 1
x(2, 0, 0, 0, 0, 1, 0, 1) 1
x(2, 0, 0, 0, 0, 1, 1, 0) 1
x(2, 0, 0, 0, 0, 2, 0, 0) 1
x(2, 0, 0, 0, 1, 0, 0, 0) 1
x(2, 0, 0, 0, 1, 0, 0, 1) 1
x(2, 0, 0, 0, 1, 0, 1, 0) 1
x(2, 0, 0, 0, 1, 1, 0, 0) 1
x(2, 0, 0, 0, 2, 0, 0, 0) 1
x(2, 0, 0, 1, 0, 0, 0, 0) 1
x(2, 0, 0, 1, 0, 0, 0, 1) 1
x(2, 0, 0, 1, 0, 0, 1, 0) 1
x(2, 0, 0, 1, 0, 1, 0, 0) 1
x(2, 0, 0, 1, 1, 0, 0, 0) 1
x(2, 0, 0, 2, 0, 0, 0, 0) 1
x(2, 0, 0, 2, 0, 1, 0, 0) 1
x(2, 0, 0, 2, 1, 0, 0, 0) 1
x(2, 0, 0, 3, 0, 0, 0, 0) 1
x(2, 0, 1, 0, 0, 0, 0, 0) 1
x(2, 0, 1, 0, 0, 0, 0, 1) 1
x(2, 0, 1, 0, 0, 0, 1, 0) 1
x(2, 0, 1, 0, 0, 1, 0, 0) 1
x(2, 0, 1, 0, 1, 0, 0, 0) 1
x(2, 0, 1, 1, 0, 0, 0, 0) 1
x(2, 0, 1, 1, 0, 1, 0, 0) 1
x(2, 0, 1, 1, 1, 0, 0, 0) 1
x(2, 0, 1, 2, 0, 0, 0, 0) 1
x(2, 0, 2, 0, 0, 0, 0, 0) 1
x(2, 0, 2, 0, 0, 1, 0, 0) 1
x(2, 0, 2, 0, 1, 0, 0, 0) 1
x(2, 0, 2, 1, 0, 0, 0, 0) 1
x(2, 0, 3, 0, 0, 0, 0, 0) 1
x(2, 1, 0, 0, 0, 0, 0, 0) 1
x(2, 1, 0, 0, 0, 0, 0, 1) 1
x(2, 1, 0, 0, 0, 0, 1, 0) 1
x(2, 1, 0, 0, 0, 1, 0, 0) 1
x(2, 1, 0, 0, 1, 0, 0, 0) 1
x(2, 1, 0, 1, 0, 0, 0, 0) 1
x(2, 1, 0, 1, 0, 0, 1, 0) 1
x(2, 1, 0, 1, 0, 1, 0, 0) 1
x(2, 1, 0, 1, 1, 0, 0, 0) 1
x(2, 1, 0, 2, 0, 0, 0, 0) 1
x(2, 1, 0, 3, 0, 0, 0, 0) 0.999996
x(2, 1, 1, 0, 0, 0, 0, 0) 1
x(2, 1, 1, 0, 0, 0, 0, 1) 1
x(2, 1, 1, 0, 0, 0, 1, 0) 1
x(2, 1, 1, 0, 0, 1, 0, 0) 1
x(2, 1, 1, 0, 1, 0, 0, 0) 1
x(2, 1, 1, 1, 0, 0, 0, 0) 1
x(2, 1, 1, 2, 0, 0, 0, 0) 1
x(2, 1, 2, 0, 0, 0, 0, 0) 1
x(2, 1, 2, 1, 0, 0, 0, 0) 1
x(2, 1, 3, 0, 0, 0, 0, 0) 1
x(2, 2, 0, 0, 0, 0, 0, 0) 1
x(2, 2, 0, 0, 0, 0, 0, 1) 1
x(2, 2, 0, 0, 0, 0, 1, 0) 1
x(2, 2, 0, 0, 0, 1, 0, 0) 1
x(2, 2, 0, 0, 1, 0, 0, 0) 1
x(2, 2, 0, 1, 0, 0, 0, 0) 1
x(2, 2, 0, 2, 0, 0, 0, 0) 1
x(2, 2, 1, 0, 0, 0, 0, 0) 1
x(2, 2, 1, 1, 0, 0, 0, 0) 1
x(2, 2, 2, 0, 0, 0, 0, 0) 1
x(2, 3, 0, 0, 0, 0, 0, 0) 1
x(2, 3, 0, 1, 0, 0, 0, 0) 1
x(2, 3, 1, 0, 0, 0, 0, 0) 1
x(2, 4, 0, 0, 0, 0, 0, 0) 1
x(2, 5, 0, 0, 0, 0, 0, 0) 1
x(3, 0, 0, 0, 0, 0, 0, 0) 1
x(3, 0, 0, 0, 0, 0, 0, 1) 1
x(3, 0, 0, 0, 0, 0, 1, 0) 1
x(3, 0, 0, 0, 0, 1, 0, 0) 1
x(3, 0, 0, 0, 1, 0, 0, 0) 1
x(3, 0, 0, 1, 0, 0, 0, 0) 1
x(3, 0, 0, 1, 0, 0, 0, 1) 1
x(3, 0, 0, 1, 0, 0, 1, 0) 1
x(3, 0, 0, 1, 0, 1, 0, 0) 1
x(3, 0, 0, 1, 1, 0, 0, 0) 1
x(3, 0, 0, 2, 0, 0, 0, 0) 1
x(3, 0, 0, 3, 0, 0, 0, 0) 1
x(3, 0, 1, 0, 0, 0, 0, 0) 1
x(3, 0, 1, 0, 0, 0, 0, 1) 1
x(3, 0, 1, 0, 0, 0, 1, 0) 1
x(3, 0, 1, 0, 0, 1, 0, 0) 1
x(3, 0, 1, 0, 1, 0, 0, 0) 1
x(3, 0, 1, 1, 0, 0, 0, 0) 1
x(3, 0, 1, 2, 0, 0, 0, 0) 1
x(3, 0, 2, 0, 0, 0, 0, 0) 1
x(3, 0, 2, 1, 0, 0, 0, 0) 1
x(3, 0, 3, 0, 0, 0, 0, 0) 1
x(3, 1, 0, 0, 0, 0, 0, 0) 1
x(3, 1, 0, 0, 0, 0, 0, 1) 1
x(3, 1, 0, 0, 0, 0, 1, 0) 1
x(3, 1, 0, 0, 0, 1, 0, 0) 1
x(3, 1, 0, 0, 1, 0, 0, 0) 1
x(3, 1, 0, 1, 0, 0, 0, 0) 1
x(3, 1, 0, 2, 0, 0, 0, 0) 1
x(3, 1, 1, 0, 0, 0, 0, 0) 1
x(3, 1, 1, 1, 0, 0, 0, 0) 1
x(3, 1, 2, 0, 0, 0, 0, 0) 1
x(3, 2, 0, 0, 0, 0, 0, 0) 1
x(3, 2, 0, 1, 0, 0, 0, 0) 1
x(3, 2, 1, 0, 0, 0, 0, 0) 1
x(3, 3, 0, 0, 0, 0, 0, 0) 1
x(3, 4, 0, 0, 0, 0, 0, 0) 1
x(4, 0, 0, 0, 0, 0, 0, 0) 1
x(4, 0, 0, 0, 0, 0, 0, 1) 1
x(4, 0, 0, 0, 0, 0, 1, 0) 1
x(4, 0, 0, 0, 0, 1, 0, 0) 1
x(4, 0, 0, 0, 1, 0, 0, 0) 1
x(4, 0, 0, 1, 0, 0, 0, 0) 1
x(4, 0, 0, 2, 0, 0, 0, 0) 1
x(4, 0, 1, 0, 0, 0, 0, 0) 1
x(4, 0, 1, 1, 0, 0, 0, 0) 1
x(4, 0, 2, 0, 0, 0, 0, 0) 1
x(4, 1, 0, 0, 0, 0, 0, 0) 1
x(4, 1, 0, 0, 0, 1, 0, 0) 1
x(4, 1, 0, 0, 1, 0, 0, 0) 1
x(4, 1, 0, 1, 0, 0, 0, 0) 1
x(4, 1, 1, 0, 0, 0, 0, 0) 1
x(4, 2, 0, 0, 0, 0, 0, 0) 1
x(4, 2, 0, 1, 0, 0, 0, 0) 1
x(4, 2, 1, 0, 0, 0, 0, 0) 1
x(4, 3, 0, 0, 0, 0, 0, 0) 1
x(5, 0, 0, 0, 0, 0, 0, 0) 1
x(5, 0, 0, 0, 0, 1, 0, 0) 1
x(5, 0, 0, 0, 1, 0, 0, 0) 1
x(5, 0, 0, 1, 0, 0, 0, 0) 1
x(5, 0, 1, 0, 0, 0, 0, 0) 1
x(5, 1, 0, 0, 0, 0, 0, 0) 1
x(5, 1, 0, 1, 0, 0, 0, 0) 1
x(5, 1, 1, 0, 0, 0, 0, 0) 1
x(5, 2, 0, 0, 0, 0, 0, 0) 1
x(6, 0, 0, 0, 0, 0, 0, 0) 1
x(6, 0, 0, 1, 0, 0, 0, 0) 1
x(6, 0, 1, 0, 0, 0, 0, 0) 1
x(6, 1, 0, 0, 0, 0, 0, 0) 1
x(7, 0, 0, 0, 0, 0, 0, 0) 1
s[0] 0.12501
s[1] 0.149958
s[2] 0.199994
s[3] 0.200014
s[4] 0.337503
s[5] 0.337503
s[6] 0.400008
s[7] 0.400018
y(0, 0, 3, 0, 0, 0, 0, 1) 0.666677
y(0, 0, 3, 0, 0, 0, 1, 0) 0.99999
y(0, 1, 0, 0, 0, 0, 0, 2) 0.261895
y(0, 2, 0, 0, 0, 2, 0, 0) 0.25
y(0, 2, 0, 0, 1, 1, 0, 0) 0.99999
y(0, 2, 0, 0, 2, 0, 0, 0) 0.99999
y(0, 4, 0, 0, 0, 0, 0, 1) 0.309504
y(2, 0, 0, 0, 0, 1, 0, 1) 0.50003
y(2, 0, 0, 0, 0, 1, 1, 0) 0.99999
y(2, 0, 0, 2, 0, 1, 0, 0) 0.99999
y(2, 0, 0, 2, 1, 0, 0, 0) 0.99999
Obj: 0
RT: 256.6734459400177 seconds.
#############################################################
--------------------- target_lp_sol = 7---------------------
#############################################################
Set parameter LazyConstraints to value 1
Set parameter NodefileStart to value 4
Gurobi Optimizer version 9.5.2 build v9.5.2rc0 (mac64[arm])
Thread count: 8 physical cores, 8 logical processors, using up to 8 threads
Optimize a model with 116241 rows, 13278 columns and 298497 nonzeros
Model fingerprint: 0x21488c78
Variable types: 6443 continuous, 6835 integer (6827 binary)
Coefficient statistics:
  Matrix range     [1e+00, 9e+00]
  Objective range  [0e+00, 0e+00]
  Bounds range     [1e-01, 5e+01]
  RHS range        [1e+00, 5e+01]
Presolve removed 66263 rows and 877 columns
Presolve time: 2.26s
Presolved: 49978 rows, 12401 columns, 162446 nonzeros
Variable types: 6030 continuous, 6371 integer (6363 binary)

Deterministic concurrent LP optimizer: primal and dual simplex (primal and dual model)
Showing first log only...

Root relaxation presolved: 49978 rows, 12401 columns, 162446 nonzeros

Warning: Markowitz tolerance tightened to 0.25
Warning: Markowitz tolerance tightened to 0.5
Concurrent spin time: 0.05s

Solved with dual simplex (primal model)

Root relaxation: objective 0.000000e+00, 3478 iterations, 0.52 seconds (1.42 work units)

    Nodes    |    Current Node    |     Objective Bounds      |     Work
 Expl Unexpl |  Obj  Depth IntInf | Incumbent    BestBd   Gap | It/Node Time

     0     0    0.00000    0  321          -    0.00000      -     -   13s
     0     0    0.00000    0  297          -    0.00000      -     -   22s
     0     0    0.00000    0  294          -    0.00000      -     -   25s
     0     0    0.00000    0  297          -    0.00000      -     -   26s
     0     0    0.00000    0  250          -    0.00000      -     -   34s
     0     0    0.00000    0  250          -    0.00000      -     -   35s
     0     0    0.00000    0  249          -    0.00000      -     -   37s
     0     0    0.00000    0  238          -    0.00000      -     -   47s
     0     0    0.00000    0  218          -    0.00000      -     -   59s
     0     0    0.00000    0  218          -    0.00000      -     -   60s
     0     0    0.00000    0  499          -    0.00000      -     -   69s
     0     0    0.00000    0  753          -    0.00000      -     -   88s
     0     0    0.00000    0  762          -    0.00000      -     -   90s
     0     0    0.00000    0  846          -    0.00000      -     -  111s
     0     0    0.00000    0 1732          -    0.00000      -     -  141s
     0     0    0.00000    0 1730          -    0.00000      -     -  143s
     0     0    0.00000    0 1731          -    0.00000      -     -  158s
     0     0    0.00000    0 1731          -    0.00000      -     -  166s
     0     2    0.00000    0 1731          -    0.00000      -     -  182s
     1     4    0.00000    1  505          -    0.00000      - 22203  207s
     3     8    0.00000    2  484          -    0.00000      -  9552  210s
     7    16    0.00000    3  228          -    0.00000      -  5624  217s
    31    40    0.00000    6  402          -    0.00000      -  2420  224s
    47    57    0.00000    7  326          -    0.00000      -  1993  225s
   329   266    0.00000   27   25          -    0.00000      -   426  230s
  1057   412    0.00000   24   19          -    0.00000      -   145  235s
  1813   561    0.00000   37    6          -    0.00000      -  91.9  244s
  1913   586    0.00000   50    1          -    0.00000      -  88.1  246s
  2577   707    0.00000   48    4          -    0.00000      -  69.9  254s
  2852   783    0.00000   32    3          -    0.00000      -  64.8  260s
  3312   858    0.00000   56    3          -    0.00000      -  58.2  266s
  4036  1009    0.00000   50    7          -    0.00000      -  50.9  279s
  4589  1143    0.00000   57    6          -    0.00000      -  46.9  288s
  4748  1140    0.00000   53    4          -    0.00000      -  46.2  291s
  5514  1278    0.00000   61    4          -    0.00000      -  42.1  303s
  5874  1364 infeasible   39               -    0.00000      -  40.6  309s
  6249  1342    0.00000   62    1          -    0.00000      -  39.1  315s
  6986  1420    0.00000   58    5          -    0.00000      -  37.1  326s
  7746  1437    0.00000   29   16          -    0.00000      -  35.3  339s
  8547  1447    0.00000   44    1          -    0.00000      -  33.5  352s
  9050  1560    0.00000   63   10          -    0.00000      -  32.5  361s
  9389  1523    0.00000   39    -          -    0.00000      -  31.9  367s
  9767  1590 infeasible   38               -    0.00000      -  31.4  373s
Allowed patterns:
(0, 0, 0, 0, 0, 0, 0, 0) 1
(0, 0, 0, 0, 0, 0, 0, 1) 1
(0, 0, 0, 0, 0, 0, 0, 2) 1
(0, 0, 0, 0, 0, 0, 1, 0) 1
(0, 0, 0, 0, 0, 0, 1, 1) 1
(0, 0, 0, 0, 0, 0, 2, 0) 1
(0, 0, 0, 0, 0, 1, 0, 0) 1
(0, 0, 0, 0, 0, 1, 0, 1) 1
(0, 0, 0, 0, 0, 1, 1, 0) 1
(0, 0, 0, 0, 0, 2, 0, 0) 1
(0, 0, 0, 0, 1, 0, 0, 0) 1
(0, 0, 0, 0, 1, 0, 0, 1) 1
(0, 0, 0, 0, 1, 0, 1, 0) 1
(0, 0, 0, 0, 1, 1, 0, 0) 1
(0, 0, 0, 0, 2, 0, 0, 0) 1
(0, 0, 0, 1, 0, 0, 0, 0) 1
(0, 0, 0, 1, 0, 0, 0, 1) 1
(0, 0, 0, 1, 0, 0, 1, 0) 1
(0, 0, 0, 1, 0, 1, 0, 0) 1
(0, 0, 0, 1, 1, 0, 0, 0) 1
(0, 0, 0, 1, 2, 0, 0, 0) 1
(0, 0, 0, 2, 0, 0, 0, 0) 1
(0, 0, 0, 2, 1, 0, 0, 0) 1
(0, 0, 0, 3, 0, 0, 0, 0) 1
(0, 0, 1, 0, 0, 0, 0, 0) 1
(0, 0, 1, 0, 0, 0, 0, 1) 1
(0, 0, 1, 0, 0, 0, 1, 0) 1
(0, 0, 1, 0, 0, 0, 2, 0) 1
(0, 0, 1, 0, 0, 1, 0, 0) 1
(0, 0, 1, 0, 0, 1, 1, 0) 1
(0, 0, 1, 0, 0, 2, 0, 0) 1
(0, 0, 1, 0, 1, 0, 0, 0) 1
(0, 0, 1, 0, 1, 0, 1, 0) 1
(0, 0, 1, 0, 1, 1, 0, 0) 1
(0, 0, 1, 0, 2, 0, 0, 0) 1
(0, 0, 1, 1, 0, 0, 0, 0) 1
(0, 0, 1, 1, 0, 0, 1, 0) 1
(0, 0, 1, 1, 0, 1, 0, 0) 1
(0, 0, 1, 1, 1, 0, 0, 0) 1
(0, 0, 1, 2, 0, 0, 0, 0) 1
(0, 0, 2, 0, 0, 0, 0, 0) 1
(0, 0, 2, 0, 0, 0, 0, 1) 1
(0, 0, 2, 0, 0, 0, 1, 0) 1
(0, 0, 2, 0, 0, 1, 0, 0) 1
(0, 0, 2, 0, 1, 0, 0, 0) 1
(0, 0, 2, 1, 0, 0, 0, 0) 1
(0, 0, 3, 0, 0, 0, 0, 0) 1
(0, 1, 0, 0, 0, 0, 0, 0) 1
(0, 1, 0, 0, 0, 0, 0, 1) 1
(0, 1, 0, 0, 0, 0, 0, 2) 1
(0, 1, 0, 0, 0, 0, 1, 0) 1
(0, 1, 0, 0, 0, 0, 1, 1) 1
(0, 1, 0, 0, 0, 0, 2, 0) 1
(0, 1, 0, 0, 0, 1, 0, 0) 1
(0, 1, 0, 0, 0, 1, 0, 1) 1
(0, 1, 0, 0, 0, 1, 1, 0) 1
(0, 1, 0, 0, 0, 2, 0, 0) 1
(0, 1, 0, 0, 1, 0, 0, 0) 1
(0, 1, 0, 0, 1, 0, 0, 1) 1
(0, 1, 0, 0, 1, 0, 1, 0) 1
(0, 1, 0, 0, 1, 1, 0, 0) 1
(0, 1, 0, 0, 2, 0, 0, 0) 1
(0, 1, 0, 1, 0, 0, 0, 0) 1
(0, 1, 0, 1, 0, 0, 0, 1) 1
(0, 1, 0, 1, 0, 0, 1, 0) 1
(0, 1, 0, 1, 0, 1, 0, 0) 1
(0, 1, 0, 1, 1, 0, 0, 0) 1
(0, 1, 0, 2, 0, 0, 0, 0) 1
(0, 1, 1, 0, 0, 0, 0, 0) 1
(0, 1, 1, 0, 0, 0, 0, 1) 1
(0, 1, 1, 0, 0, 0, 1, 0) 1
(0, 1, 1, 0, 0, 1, 0, 0) 1
(0, 1, 1, 0, 1, 0, 0, 0) 1
(0, 1, 1, 1, 0, 0, 0, 0) 1
(0, 1, 2, 0, 0, 0, 0, 0) 1
(0, 1, 3, 0, 0, 0, 0, 0) 1
(0, 2, 0, 0, 0, 0, 0, 0) 1
(0, 2, 0, 0, 0, 0, 0, 1) 1
(0, 2, 0, 0, 0, 0, 1, 0) 1
(0, 2, 0, 0, 0, 0, 2, 0) 1
(0, 2, 0, 0, 0, 1, 0, 0) 1
(0, 2, 0, 0, 0, 1, 1, 0) 1
(0, 2, 0, 0, 0, 2, 0, 0) 1
(0, 2, 0, 0, 1, 0, 0, 0) 1
(0, 2, 0, 0, 1, 0, 1, 0) 1
(0, 2, 0, 0, 1, 1, 0, 0) 1
(0, 2, 0, 0, 2, 0, 0, 0) 1
(0, 2, 0, 1, 0, 0, 0, 0) 1
(0, 2, 0, 1, 0, 0, 1, 0) 1
(0, 2, 0, 1, 0, 1, 0, 0) 1
(0, 2, 0, 1, 1, 0, 0, 0) 1
(0, 2, 0, 2, 0, 0, 0, 0) 1
(0, 2, 1, 0, 0, 0, 0, 0) 1
(0, 2, 1, 0, 0, 0, 0, 1) 1
(0, 2, 1, 0, 0, 0, 1, 0) 1
(0, 2, 1, 0, 0, 1, 0, 0) 1
(0, 2, 1, 0, 1, 0, 0, 0) 1
(0, 2, 1, 1, 0, 0, 0, 0) 1
(0, 2, 2, 0, 0, 0, 0, 0) 1
(0, 3, 0, 0, 0, 0, 0, 0) 1
(0, 3, 0, 0, 0, 0, 0, 1) 1
(0, 3, 0, 0, 0, 0, 1, 0) 1
(0, 3, 0, 0, 0, 1, 0, 0) 1
(0, 3, 0, 0, 1, 0, 0, 0) 1
(0, 3, 0, 1, 0, 0, 0, 0) 1
(0, 3, 1, 0, 0, 0, 0, 0) 1
(0, 3, 2, 0, 0, 0, 0, 0) 1
(0, 4, 0, 0, 0, 0, 0, 0) 1
(0, 4, 0, 0, 0, 0, 0, 1) 1
(0, 4, 0, 0, 0, 0, 1, 0) 1
(0, 4, 0, 0, 0, 1, 0, 0) 1
(0, 4, 0, 0, 1, 0, 0, 0) 1
(0, 4, 0, 1, 0, 0, 0, 0) 1
(0, 4, 1, 0, 0, 0, 0, 0) 1
(0, 5, 0, 0, 0, 0, 0, 0) 1
(0, 5, 1, 0, 0, 0, 0, 0) 1
(0, 6, 0, 0, 0, 0, 0, 0) 1
(0, 7, 0, 0, 0, 0, 0, 0) 1
(1, 0, 0, 0, 0, 0, 0, 0) 1
(1, 0, 0, 0, 0, 0, 0, 1) 1
(1, 0, 0, 0, 0, 0, 0, 2) 1
(1, 0, 0, 0, 0, 0, 1, 0) 1
(1, 0, 0, 0, 0, 0, 1, 1) 1
(1, 0, 0, 0, 0, 0, 2, 0) 1
(1, 0, 0, 0, 0, 1, 0, 0) 1
(1, 0, 0, 0, 0, 1, 0, 1) 1
(1, 0, 0, 0, 0, 1, 1, 0) 1
(1, 0, 0, 0, 0, 2, 0, 0) 1
(1, 0, 0, 0, 1, 0, 0, 0) 1
(1, 0, 0, 0, 1, 0, 0, 1) 1
(1, 0, 0, 0, 1, 0, 1, 0) 1
(1, 0, 0, 0, 1, 1, 0, 0) 1
(1, 0, 0, 0, 2, 0, 0, 0) 1
(1, 0, 0, 1, 0, 0, 0, 0) 1
(1, 0, 0, 1, 0, 0, 0, 1) 1
(1, 0, 0, 1, 0, 0, 1, 0) 1
(1, 0, 0, 1, 0, 1, 0, 0) 1
(1, 0, 0, 1, 1, 0, 0, 0) 1
(1, 0, 0, 2, 0, 0, 0, 0) 1
(1, 0, 1, 0, 0, 0, 0, 0) 1
(1, 0, 1, 0, 0, 0, 0, 1) 1
(1, 0, 1, 0, 0, 0, 1, 0) 1
(1, 0, 1, 0, 0, 1, 0, 0) 1
(1, 0, 1, 0, 1, 0, 0, 0) 1
(1, 0, 1, 1, 0, 0, 0, 0) 1
(1, 0, 2, 0, 0, 0, 0, 0) 1
(1, 0, 2, 0, 0, 1, 0, 0) 1
(1, 0, 2, 0, 1, 0, 0, 0) 1
(1, 0, 2, 1, 0, 0, 0, 0) 1
(1, 0, 3, 0, 0, 0, 0, 0) 1
(1, 1, 0, 0, 0, 0, 0, 0) 1
(1, 1, 0, 0, 0, 0, 0, 1) 1
(1, 1, 0, 0, 0, 0, 1, 0) 1
(1, 1, 0, 0, 0, 0, 2, 0) 1
(1, 1, 0, 0, 0, 1, 0, 0) 1
(1, 1, 0, 0, 0, 1, 1, 0) 1
(1, 1, 0, 0, 0, 2, 0, 0) 1
(1, 1, 0, 0, 1, 0, 0, 0) 1
(1, 1, 0, 0, 1, 0, 1, 0) 1
(1, 1, 0, 0, 1, 1, 0, 0) 1
(1, 1, 0, 0, 2, 0, 0, 0) 1
(1, 1, 0, 1, 0, 0, 0, 0) 1
(1, 1, 0, 1, 0, 0, 1, 0) 1
(1, 1, 0, 1, 0, 1, 0, 0) 1
(1, 1, 0, 1, 1, 0, 0, 0) 1
(1, 1, 0, 2, 0, 0, 0, 0) 1
(1, 1, 1, 0, 0, 0, 0, 0) 1
(1, 1, 1, 0, 0, 0, 0, 1) 1
(1, 1, 1, 0, 0, 0, 1, 0) 1
(1, 1, 1, 0, 0, 1, 0, 0) 1
(1, 1, 1, 0, 1, 0, 0, 0) 1
(1, 1, 1, 1, 0, 0, 0, 0) 1
(1, 1, 2, 0, 0, 0, 0, 0) 1
(1, 2, 0, 0, 0, 0, 0, 0) 1
(1, 2, 0, 0, 0, 0, 0, 1) 1
(1, 2, 0, 0, 0, 0, 1, 0) 1
(1, 2, 0, 0, 0, 1, 0, 0) 1
(1, 2, 0, 0, 1, 0, 0, 0) 1
(1, 2, 0, 1, 0, 0, 0, 0) 1
(1, 2, 1, 0, 0, 0, 0, 0) 1
(1, 2, 1, 0, 0, 1, 0, 0) 1
(1, 2, 1, 0, 1, 0, 0, 0) 1
(1, 2, 1, 1, 0, 0, 0, 0) 1
(1, 2, 2, 0, 0, 0, 0, 0) 1
(1, 3, 0, 0, 0, 0, 0, 0) 1
(1, 3, 0, 0, 0, 0, 0, 1) 1
(1, 3, 0, 0, 0, 0, 1, 0) 1
(1, 3, 0, 0, 0, 1, 0, 0) 1
(1, 3, 0, 0, 1, 0, 0, 0) 1
(1, 3, 0, 1, 0, 0, 0, 0) 1
(1, 3, 1, 0, 0, 0, 0, 0) 1
(1, 4, 0, 0, 0, 0, 0, 0) 1
(1, 4, 1, 0, 0, 0, 0, 0) 1
(1, 5, 0, 0, 0, 0, 0, 0) 1
(1, 6, 0, 0, 0, 0, 0, 0) 1
(2, 0, 0, 0, 0, 0, 0, 0) 1
(2, 0, 0, 0, 0, 0, 0, 1) 1
(2, 0, 0, 0, 0, 0, 1, 0) 1
(2, 0, 0, 0, 0, 0, 2, 0) 1
(2, 0, 0, 0, 0, 1, 0, 0) 1
(2, 0, 0, 0, 0, 1, 1, 0) 1
(2, 0, 0, 0, 0, 2, 0, 0) 1
(2, 0, 0, 0, 1, 0, 0, 0) 1
(2, 0, 0, 0, 1, 0, 1, 0) 1
(2, 0, 0, 0, 1, 1, 0, 0) 1
(2, 0, 0, 0, 2, 0, 0, 0) 1
(2, 0, 0, 1, 0, 0, 0, 0) 1
(2, 0, 0, 1, 0, 0, 1, 0) 1
(2, 0, 0, 1, 0, 1, 0, 0) 1
(2, 0, 0, 1, 1, 0, 0, 0) 1
(2, 0, 0, 2, 0, 0, 0, 0) 1
(2, 0, 1, 0, 0, 0, 0, 0) 1
(2, 0, 1, 0, 0, 0, 0, 1) 1
(2, 0, 1, 0, 0, 0, 1, 0) 1
(2, 0, 1, 0, 0, 1, 0, 0) 1
(2, 0, 1, 0, 1, 0, 0, 0) 1
(2, 0, 1, 1, 0, 0, 0, 0) 1
(2, 0, 2, 0, 0, 0, 0, 0) 1
(2, 1, 0, 0, 0, 0, 0, 0) 1
(2, 1, 0, 0, 0, 0, 0, 1) 1
(2, 1, 0, 0, 0, 0, 1, 0) 1
(2, 1, 0, 0, 0, 1, 0, 0) 1
(2, 1, 0, 0, 1, 0, 0, 0) 1
(2, 1, 0, 1, 0, 0, 0, 0) 1
(2, 1, 1, 0, 0, 0, 0, 0) 1
(2, 1, 1, 0, 0, 0, 1, 0) 1
(2, 1, 1, 0, 0, 1, 0, 0) 1
(2, 1, 1, 0, 1, 0, 0, 0) 1
(2, 1, 1, 1, 0, 0, 0, 0) 1
(2, 1, 2, 0, 0, 0, 0, 0) 1
(2, 2, 0, 0, 0, 0, 0, 0) 1
(2, 2, 0, 0, 0, 0, 0, 1) 1
(2, 2, 0, 0, 0, 0, 1, 0) 1
(2, 2, 0, 0, 0, 1, 0, 0) 1
(2, 2, 0, 0, 1, 0, 0, 0) 1
(2, 2, 0, 1, 0, 0, 0, 0) 1
(2, 2, 1, 0, 0, 0, 0, 0) 1
(2, 3, 0, 0, 0, 0, 0, 0) 1
(2, 3, 0, 0, 0, 0, 1, 0) 1
(2, 3, 0, 0, 0, 1, 0, 0) 1
(2, 3, 0, 0, 1, 0, 0, 0) 1
(2, 3, 0, 1, 0, 0, 0, 0) 1
(2, 3, 1, 0, 0, 0, 0, 0) 1
(2, 4, 0, 0, 0, 0, 0, 0) 1
(2, 5, 0, 0, 0, 0, 0, 0) 1
(3, 0, 0, 0, 0, 0, 0, 0) 1
(3, 0, 0, 0, 0, 0, 0, 1) 1
(3, 0, 0, 0, 0, 0, 1, 0) 1
(3, 0, 0, 0, 0, 1, 0, 0) 1
(3, 0, 0, 0, 1, 0, 0, 0) 1
(3, 0, 0, 1, 0, 0, 0, 0) 1
(3, 0, 1, 0, 0, 0, 0, 0) 1
(3, 0, 1, 0, 0, 0, 1, 0) 1
(3, 0, 1, 0, 0, 1, 0, 0) 1
(3, 0, 1, 0, 1, 0, 0, 0) 1
(3, 0, 1, 1, 0, 0, 0, 0) 1
(3, 0, 2, 0, 0, 0, 0, 0) 1
(3, 1, 0, 0, 0, 0, 0, 0) 1
(3, 1, 0, 0, 0, 0, 0, 1) 1
(3, 1, 0, 0, 0, 0, 1, 0) 1
(3, 1, 0, 0, 0, 1, 0, 0) 1
(3, 1, 0, 0, 1, 0, 0, 0) 1
(3, 1, 0, 1, 0, 0, 0, 0) 1
(3, 1, 1, 0, 0, 0, 0, 0) 1
(3, 2, 0, 0, 0, 0, 0, 0) 1
(3, 2, 0, 0, 0, 0, 1, 0) 1
(3, 2, 0, 0, 0, 1, 0, 0) 1
(3, 2, 0, 0, 1, 0, 0, 0) 1
(3, 2, 0, 1, 0, 0, 0, 0) 1
(3, 2, 1, 0, 0, 0, 0, 0) 1
(3, 3, 0, 0, 0, 0, 0, 0) 1
(3, 4, 0, 0, 0, 0, 0, 0) 1
(4, 0, 0, 0, 0, 0, 0, 0) 1
(4, 0, 0, 0, 0, 0, 0, 1) 1
(4, 0, 0, 0, 0, 0, 1, 0) 1
(4, 0, 0, 0, 0, 1, 0, 0) 1
(4, 0, 0, 0, 1, 0, 0, 0) 1
(4, 0, 0, 1, 0, 0, 0, 0) 1
(4, 0, 1, 0, 0, 0, 0, 0) 1
(4, 1, 0, 0, 0, 0, 0, 0) 1
(4, 1, 0, 0, 0, 0, 1, 0) 1
(4, 1, 0, 0, 0, 1, 0, 0) 1
(4, 1, 0, 0, 1, 0, 0, 0) 1
(4, 1, 0, 1, 0, 0, 0, 0) 1
(4, 1, 1, 0, 0, 0, 0, 0) 1
(4, 2, 0, 0, 0, 0, 0, 0) 1
(4, 3, 0, 0, 0, 0, 0, 0) 1
(5, 0, 0, 0, 0, 0, 0, 0) 1
(5, 0, 0, 0, 0, 0, 1, 0) 1
(5, 0, 0, 0, 0, 1, 0, 0) 1
(5, 0, 0, 0, 1, 0, 0, 0) 1
(5, 0, 0, 1, 0, 0, 0, 0) 1
(5, 0, 1, 0, 0, 0, 0, 0) 1
(5, 1, 0, 0, 0, 0, 0, 0) 1
(5, 2, 0, 0, 0, 0, 0, 0) 1
(6, 0, 0, 0, 0, 0, 0, 0) 1
(6, 1, 0, 0, 0, 0, 0, 0) 1
(7, 0, 0, 0, 0, 0, 0, 0) 1
Used patterns:
(0, 0, 0, 1, 0, 0, 0, 0) 1.0
(0, 0, 0, 1, 2, 0, 0, 0) 1.0
(0, 0, 1, 0, 0, 2, 0, 0) 1.0
(0, 3, 0, 1, 0, 0, 0, 0) 1.0
(1, 0, 0, 0, 0, 0, 0, 2) 1.0
(1, 1, 1, 0, 0, 0, 0, 1) 1.0
(2, 3, 0, 0, 0, 0, 1, 0) 1.0
(3, 0, 1, 0, 0, 0, 1, 0) 1.0
CallbackMIP is feasible, but ILP objective value is 8.0!
* 9869   575              44       0.0000000    0.00000  0.00%  31.2  374s

Cutting planes:
  Cover: 195
  Implied bound: 111
  Clique: 50
  MIR: 64
  Flow cover: 2
  GUB cover: 3
  Zero half: 1
  RLT: 10
  Relax-and-lift: 7
  PSD: 5
  Lazy constraints: 1153

Explored 10185 nodes (511721 simplex iterations) in 374.57 seconds (567.21 work units)
Thread count was 8 (of 8 available processors)

Solution count 1: 0

Optimal solution found (tolerance 1.00e-04)
Best objective 0.000000000000e+00, best bound 0.000000000000e+00, gap 0.0000%

User-callback calls 63788, time in user-callback 140.44 sec
n0 7
n1 7
n2 3
n3 3
n4 2
n5 2
n6 2
n7 3
n_0^0 1
n_0^1 1
n_0^2 1
n_0^3 1
n_0^4 1
n_0^5 1
n_0^6 1
n_1^0 1
n_1^1 1
n_1^2 1
n_1^3 1
n_1^4 1
n_1^5 1
n_1^6 1
n_2^0 1
n_2^1 1
n_2^2 1
n_3^0 1
n_3^1 1
n_3^2 1
n_4^0 1
n_4^1 1
n_5^0 1
n_5^1 1
n_6^0 1
n_6^1 1
n_7^0 1
n_7^1 1
n_7^2 1
x(0, 0, 0, 0, 0, 0, 0, 0) 1
x(0, 0, 0, 0, 0, 0, 0, 1) 1
x(0, 0, 0, 0, 0, 0, 0, 2) 1
x(0, 0, 0, 0, 0, 0, 1, 0) 1
x(0, 0, 0, 0, 0, 0, 1, 1) 1
x(0, 0, 0, 0, 0, 0, 2, 0) 1
x(0, 0, 0, 0, 0, 1, 0, 0) 1
x(0, 0, 0, 0, 0, 1, 0, 1) 1
x(0, 0, 0, 0, 0, 1, 1, 0) 1
x(0, 0, 0, 0, 0, 2, 0, 0) 1
x(0, 0, 0, 0, 1, 0, 0, 0) 1
x(0, 0, 0, 0, 1, 0, 0, 1) 1
x(0, 0, 0, 0, 1, 0, 1, 0) 1
x(0, 0, 0, 0, 1, 1, 0, 0) 1
x(0, 0, 0, 0, 2, 0, 0, 0) 1
x(0, 0, 0, 1, 0, 0, 0, 0) 1
x(0, 0, 0, 1, 0, 0, 0, 1) 1
x(0, 0, 0, 1, 0, 0, 1, 0) 1
x(0, 0, 0, 1, 0, 1, 0, 0) 1
x(0, 0, 0, 1, 1, 0, 0, 0) 1
x(0, 0, 0, 1, 2, 0, 0, 0) 1
x(0, 0, 0, 2, 0, 0, 0, 0) 1
x(0, 0, 0, 2, 1, 0, 0, 0) 1
x(0, 0, 0, 3, 0, 0, 0, 0) 1
x(0, 0, 1, 0, 0, 0, 0, 0) 1
x(0, 0, 1, 0, 0, 0, 0, 1) 1
x(0, 0, 1, 0, 0, 0, 1, 0) 1
x(0, 0, 1, 0, 0, 0, 2, 0) 1
x(0, 0, 1, 0, 0, 1, 0, 0) 1
x(0, 0, 1, 0, 0, 1, 1, 0) 1
x(0, 0, 1, 0, 0, 2, 0, 0) 1
x(0, 0, 1, 0, 1, 0, 0, 0) 1
x(0, 0, 1, 0, 1, 0, 1, 0) 1
x(0, 0, 1, 0, 1, 1, 0, 0) 1
x(0, 0, 1, 0, 2, 0, 0, 0) 1
x(0, 0, 1, 1, 0, 0, 0, 0) 1
x(0, 0, 1, 1, 0, 0, 1, 0) 1
x(0, 0, 1, 1, 0, 1, 0, 0) 1
x(0, 0, 1, 1, 1, 0, 0, 0) 1
x(0, 0, 1, 2, 0, 0, 0, 0) 1
x(0, 0, 2, 0, 0, 0, 0, 0) 1
x(0, 0, 2, 0, 0, 0, 0, 1) 1
x(0, 0, 2, 0, 0, 0, 1, 0) 1
x(0, 0, 2, 0, 0, 1, 0, 0) 1
x(0, 0, 2, 0, 1, 0, 0, 0) 1
x(0, 0, 2, 1, 0, 0, 0, 0) 1
x(0, 0, 3, 0, 0, 0, 0, 0) 1
x(0, 1, 0, 0, 0, 0, 0, 0) 1
x(0, 1, 0, 0, 0, 0, 0, 1) 1
x(0, 1, 0, 0, 0, 0, 0, 2) 1
x(0, 1, 0, 0, 0, 0, 1, 0) 1
x(0, 1, 0, 0, 0, 0, 1, 1) 1
x(0, 1, 0, 0, 0, 0, 2, 0) 1
x(0, 1, 0, 0, 0, 1, 0, 0) 1
x(0, 1, 0, 0, 0, 1, 0, 1) 1
x(0, 1, 0, 0, 0, 1, 1, 0) 1
x(0, 1, 0, 0, 0, 2, 0, 0) 1
x(0, 1, 0, 0, 1, 0, 0, 0) 1
x(0, 1, 0, 0, 1, 0, 0, 1) 1
x(0, 1, 0, 0, 1, 0, 1, 0) 1
x(0, 1, 0, 0, 1, 1, 0, 0) 1
x(0, 1, 0, 0, 2, 0, 0, 0) 1
x(0, 1, 0, 1, 0, 0, 0, 0) 1
x(0, 1, 0, 1, 0, 0, 0, 1) 1
x(0, 1, 0, 1, 0, 0, 1, 0) 1
x(0, 1, 0, 1, 0, 1, 0, 0) 1
x(0, 1, 0, 1, 1, 0, 0, 0) 1
x(0, 1, 0, 2, 0, 0, 0, 0) 1
x(0, 1, 1, 0, 0, 0, 0, 0) 1
x(0, 1, 1, 0, 0, 0, 0, 1) 1
x(0, 1, 1, 0, 0, 0, 1, 0) 1
x(0, 1, 1, 0, 0, 1, 0, 0) 1
x(0, 1, 1, 0, 1, 0, 0, 0) 1
x(0, 1, 1, 1, 0, 0, 0, 0) 1
x(0, 1, 2, 0, 0, 0, 0, 0) 1
x(0, 1, 3, 0, 0, 0, 0, 0) 1
x(0, 2, 0, 0, 0, 0, 0, 0) 1
x(0, 2, 0, 0, 0, 0, 0, 1) 1
x(0, 2, 0, 0, 0, 0, 1, 0) 1
x(0, 2, 0, 0, 0, 0, 2, 0) 1
x(0, 2, 0, 0, 0, 1, 0, 0) 1
x(0, 2, 0, 0, 0, 1, 1, 0) 1
x(0, 2, 0, 0, 0, 2, 0, 0) 1
x(0, 2, 0, 0, 1, 0, 0, 0) 1
x(0, 2, 0, 0, 1, 0, 1, 0) 1
x(0, 2, 0, 0, 1, 1, 0, 0) 1
x(0, 2, 0, 0, 2, 0, 0, 0) 1
x(0, 2, 0, 1, 0, 0, 0, 0) 1
x(0, 2, 0, 1, 0, 0, 1, 0) 1
x(0, 2, 0, 1, 0, 1, 0, 0) 1
x(0, 2, 0, 1, 1, 0, 0, 0) 1
x(0, 2, 0, 2, 0, 0, 0, 0) 1
x(0, 2, 1, 0, 0, 0, 0, 0) 1
x(0, 2, 1, 0, 0, 0, 0, 1) 1
x(0, 2, 1, 0, 0, 0, 1, 0) 1
x(0, 2, 1, 0, 0, 1, 0, 0) 1
x(0, 2, 1, 0, 1, 0, 0, 0) 1
x(0, 2, 1, 1, 0, 0, 0, 0) 1
x(0, 2, 2, 0, 0, 0, 0, 0) 1
x(0, 3, 0, 0, 0, 0, 0, 0) 1
x(0, 3, 0, 0, 0, 0, 0, 1) 1
x(0, 3, 0, 0, 0, 0, 1, 0) 1
x(0, 3, 0, 0, 0, 1, 0, 0) 1
x(0, 3, 0, 0, 1, 0, 0, 0) 1
x(0, 3, 0, 1, 0, 0, 0, 0) 1
x(0, 3, 1, 0, 0, 0, 0, 0) 1
x(0, 3, 2, 0, 0, 0, 0, 0) 1
x(0, 4, 0, 0, 0, 0, 0, 0) 1
x(0, 4, 0, 0, 0, 0, 0, 1) 1
x(0, 4, 0, 0, 0, 0, 1, 0) 1
x(0, 4, 0, 0, 0, 1, 0, 0) 1
x(0, 4, 0, 0, 1, 0, 0, 0) 1
x(0, 4, 0, 1, 0, 0, 0, 0) 1
x(0, 4, 1, 0, 0, 0, 0, 0) 1
x(0, 5, 0, 0, 0, 0, 0, 0) 1
x(0, 5, 1, 0, 0, 0, 0, 0) 1
x(0, 6, 0, 0, 0, 0, 0, 0) 1
x(0, 7, 0, 0, 0, 0, 0, 0) 1
x(1, 0, 0, 0, 0, 0, 0, 0) 1
x(1, 0, 0, 0, 0, 0, 0, 1) 1
x(1, 0, 0, 0, 0, 0, 0, 2) 1
x(1, 0, 0, 0, 0, 0, 1, 0) 1
x(1, 0, 0, 0, 0, 0, 1, 1) 1
x(1, 0, 0, 0, 0, 0, 2, 0) 1
x(1, 0, 0, 0, 0, 1, 0, 0) 1
x(1, 0, 0, 0, 0, 1, 0, 1) 1
x(1, 0, 0, 0, 0, 1, 1, 0) 1
x(1, 0, 0, 0, 0, 2, 0, 0) 1
x(1, 0, 0, 0, 1, 0, 0, 0) 1
x(1, 0, 0, 0, 1, 0, 0, 1) 1
x(1, 0, 0, 0, 1, 0, 1, 0) 1
x(1, 0, 0, 0, 1, 1, 0, 0) 1
x(1, 0, 0, 0, 2, 0, 0, 0) 1
x(1, 0, 0, 1, 0, 0, 0, 0) 1
x(1, 0, 0, 1, 0, 0, 0, 1) 1
x(1, 0, 0, 1, 0, 0, 1, 0) 1
x(1, 0, 0, 1, 0, 1, 0, 0) 1
x(1, 0, 0, 1, 1, 0, 0, 0) 1
x(1, 0, 0, 2, 0, 0, 0, 0) 1
x(1, 0, 1, 0, 0, 0, 0, 0) 1
x(1, 0, 1, 0, 0, 0, 0, 1) 1
x(1, 0, 1, 0, 0, 0, 1, 0) 1
x(1, 0, 1, 0, 0, 1, 0, 0) 1
x(1, 0, 1, 0, 1, 0, 0, 0) 1
x(1, 0, 1, 1, 0, 0, 0, 0) 1
x(1, 0, 2, 0, 0, 0, 0, 0) 1
x(1, 0, 2, 0, 0, 1, 0, 0) 1
x(1, 0, 2, 0, 1, 0, 0, 0) 1
x(1, 0, 2, 1, 0, 0, 0, 0) 1
x(1, 0, 3, 0, 0, 0, 0, 0) 1
x(1, 1, 0, 0, 0, 0, 0, 0) 1
x(1, 1, 0, 0, 0, 0, 0, 1) 1
x(1, 1, 0, 0, 0, 0, 1, 0) 1
x(1, 1, 0, 0, 0, 0, 2, 0) 1
x(1, 1, 0, 0, 0, 1, 0, 0) 1
x(1, 1, 0, 0, 0, 1, 1, 0) 1
x(1, 1, 0, 0, 0, 2, 0, 0) 1
x(1, 1, 0, 0, 1, 0, 0, 0) 1
x(1, 1, 0, 0, 1, 0, 1, 0) 1
x(1, 1, 0, 0, 1, 1, 0, 0) 1
x(1, 1, 0, 0, 2, 0, 0, 0) 1
x(1, 1, 0, 1, 0, 0, 0, 0) 1
x(1, 1, 0, 1, 0, 0, 1, 0) 1
x(1, 1, 0, 1, 0, 1, 0, 0) 1
x(1, 1, 0, 1, 1, 0, 0, 0) 1
x(1, 1, 0, 2, 0, 0, 0, 0) 1
x(1, 1, 1, 0, 0, 0, 0, 0) 1
x(1, 1, 1, 0, 0, 0, 0, 1) 1
x(1, 1, 1, 0, 0, 0, 1, 0) 1
x(1, 1, 1, 0, 0, 1, 0, 0) 1
x(1, 1, 1, 0, 1, 0, 0, 0) 1
x(1, 1, 1, 1, 0, 0, 0, 0) 1
x(1, 1, 2, 0, 0, 0, 0, 0) 1
x(1, 2, 0, 0, 0, 0, 0, 0) 1
x(1, 2, 0, 0, 0, 0, 0, 1) 1
x(1, 2, 0, 0, 0, 0, 1, 0) 1
x(1, 2, 0, 0, 0, 1, 0, 0) 1
x(1, 2, 0, 0, 1, 0, 0, 0) 1
x(1, 2, 0, 1, 0, 0, 0, 0) 1
x(1, 2, 1, 0, 0, 0, 0, 0) 1
x(1, 2, 1, 0, 0, 1, 0, 0) 1
x(1, 2, 1, 0, 1, 0, 0, 0) 1
x(1, 2, 1, 1, 0, 0, 0, 0) 1
x(1, 2, 2, 0, 0, 0, 0, 0) 1
x(1, 3, 0, 0, 0, 0, 0, 0) 1
x(1, 3, 0, 0, 0, 0, 0, 1) 1
x(1, 3, 0, 0, 0, 0, 1, 0) 1
x(1, 3, 0, 0, 0, 1, 0, 0) 1
x(1, 3, 0, 0, 1, 0, 0, 0) 1
x(1, 3, 0, 1, 0, 0, 0, 0) 1
x(1, 3, 1, 0, 0, 0, 0, 0) 1
x(1, 4, 0, 0, 0, 0, 0, 0) 1
x(1, 4, 1, 0, 0, 0, 0, 0) 1
x(1, 5, 0, 0, 0, 0, 0, 0) 1
x(1, 6, 0, 0, 0, 0, 0, 0) 1
x(2, 0, 0, 0, 0, 0, 0, 0) 1
x(2, 0, 0, 0, 0, 0, 0, 1) 1
x(2, 0, 0, 0, 0, 0, 1, 0) 1
x(2, 0, 0, 0, 0, 0, 2, 0) 1
x(2, 0, 0, 0, 0, 1, 0, 0) 1
x(2, 0, 0, 0, 0, 1, 1, 0) 1
x(2, 0, 0, 0, 0, 2, 0, 0) 1
x(2, 0, 0, 0, 1, 0, 0, 0) 1
x(2, 0, 0, 0, 1, 0, 1, 0) 1
x(2, 0, 0, 0, 1, 1, 0, 0) 1
x(2, 0, 0, 0, 2, 0, 0, 0) 1
x(2, 0, 0, 1, 0, 0, 0, 0) 1
x(2, 0, 0, 1, 0, 0, 1, 0) 1
x(2, 0, 0, 1, 0, 1, 0, 0) 1
x(2, 0, 0, 1, 1, 0, 0, 0) 1
x(2, 0, 0, 2, 0, 0, 0, 0) 1
x(2, 0, 1, 0, 0, 0, 0, 0) 1
x(2, 0, 1, 0, 0, 0, 0, 1) 1
x(2, 0, 1, 0, 0, 0, 1, 0) 1
x(2, 0, 1, 0, 0, 1, 0, 0) 1
x(2, 0, 1, 0, 1, 0, 0, 0) 1
x(2, 0, 1, 1, 0, 0, 0, 0) 1
x(2, 0, 2, 0, 0, 0, 0, 0) 1
x(2, 1, 0, 0, 0, 0, 0, 0) 1
x(2, 1, 0, 0, 0, 0, 0, 1) 1
x(2, 1, 0, 0, 0, 0, 1, 0) 1
x(2, 1, 0, 0, 0, 1, 0, 0) 1
x(2, 1, 0, 0, 1, 0, 0, 0) 1
x(2, 1, 0, 1, 0, 0, 0, 0) 1
x(2, 1, 1, 0, 0, 0, 0, 0) 1
x(2, 1, 1, 0, 0, 0, 1, 0) 1
x(2, 1, 1, 0, 0, 1, 0, 0) 1
x(2, 1, 1, 0, 1, 0, 0, 0) 1
x(2, 1, 1, 1, 0, 0, 0, 0) 1
x(2, 1, 2, 0, 0, 0, 0, 0) 1
x(2, 2, 0, 0, 0, 0, 0, 0) 1
x(2, 2, 0, 0, 0, 0, 0, 1) 1
x(2, 2, 0, 0, 0, 0, 1, 0) 1
x(2, 2, 0, 0, 0, 1, 0, 0) 1
x(2, 2, 0, 0, 1, 0, 0, 0) 1
x(2, 2, 0, 1, 0, 0, 0, 0) 1
x(2, 2, 1, 0, 0, 0, 0, 0) 1
x(2, 3, 0, 0, 0, 0, 0, 0) 1
x(2, 3, 0, 0, 0, 0, 1, 0) 1
x(2, 3, 0, 0, 0, 1, 0, 0) 1
x(2, 3, 0, 0, 1, 0, 0, 0) 1
x(2, 3, 0, 1, 0, 0, 0, 0) 1
x(2, 3, 1, 0, 0, 0, 0, 0) 1
x(2, 4, 0, 0, 0, 0, 0, 0) 1
x(2, 5, 0, 0, 0, 0, 0, 0) 1
x(3, 0, 0, 0, 0, 0, 0, 0) 1
x(3, 0, 0, 0, 0, 0, 0, 1) 1
x(3, 0, 0, 0, 0, 0, 1, 0) 1
x(3, 0, 0, 0, 0, 1, 0, 0) 1
x(3, 0, 0, 0, 1, 0, 0, 0) 1
x(3, 0, 0, 1, 0, 0, 0, 0) 1
x(3, 0, 1, 0, 0, 0, 0, 0) 1
x(3, 0, 1, 0, 0, 0, 1, 0) 1
x(3, 0, 1, 0, 0, 1, 0, 0) 1
x(3, 0, 1, 0, 1, 0, 0, 0) 1
x(3, 0, 1, 1, 0, 0, 0, 0) 1
x(3, 0, 2, 0, 0, 0, 0, 0) 1
x(3, 1, 0, 0, 0, 0, 0, 0) 1
x(3, 1, 0, 0, 0, 0, 0, 1) 1
x(3, 1, 0, 0, 0, 0, 1, 0) 1
x(3, 1, 0, 0, 0, 1, 0, 0) 1
x(3, 1, 0, 0, 1, 0, 0, 0) 1
x(3, 1, 0, 1, 0, 0, 0, 0) 1
x(3, 1, 1, 0, 0, 0, 0, 0) 1
x(3, 2, 0, 0, 0, 0, 0, 0) 1
x(3, 2, 0, 0, 0, 0, 1, 0) 1
x(3, 2, 0, 0, 0, 1, 0, 0) 1
x(3, 2, 0, 0, 1, 0, 0, 0) 1
x(3, 2, 0, 1, 0, 0, 0, 0) 1
x(3, 2, 1, 0, 0, 0, 0, 0) 1
x(3, 3, 0, 0, 0, 0, 0, 0) 1
x(3, 4, 0, 0, 0, 0, 0, 0) 1
x(4, 0, 0, 0, 0, 0, 0, 0) 1
x(4, 0, 0, 0, 0, 0, 0, 1) 1
x(4, 0, 0, 0, 0, 0, 1, 0) 1
x(4, 0, 0, 0, 0, 1, 0, 0) 1
x(4, 0, 0, 0, 1, 0, 0, 0) 1
x(4, 0, 0, 1, 0, 0, 0, 0) 1
x(4, 0, 1, 0, 0, 0, 0, 0) 1
x(4, 1, 0, 0, 0, 0, 0, 0) 1
x(4, 1, 0, 0, 0, 0, 1, 0) 1
x(4, 1, 0, 0, 0, 1, 0, 0) 1
x(4, 1, 0, 0, 1, 0, 0, 0) 1
x(4, 1, 0, 1, 0, 0, 0, 0) 1
x(4, 1, 1, 0, 0, 0, 0, 0) 1
x(4, 2, 0, 0, 0, 0, 0, 0) 1
x(4, 3, 0, 0, 0, 0, 0, 0) 1
x(5, 0, 0, 0, 0, 0, 0, 0) 1
x(5, 0, 0, 0, 0, 0, 1, 0) 1
x(5, 0, 0, 0, 0, 1, 0, 0) 1
x(5, 0, 0, 0, 1, 0, 0, 0) 1
x(5, 0, 0, 1, 0, 0, 0, 0) 1
x(5, 0, 1, 0, 0, 0, 0, 0) 1
x(5, 1, 0, 0, 0, 0, 0, 0) 1
x(5, 2, 0, 0, 0, 0, 0, 0) 1
x(6, 0, 0, 0, 0, 0, 0, 0) 1
x(6, 1, 0, 0, 0, 0, 0, 0) 1
x(7, 0, 0, 0, 0, 0, 0, 0) 1
s[0] 0.12501
s[1] 0.135418
s[2] 0.270797
s[3] 0.333327
s[4] 0.333337
s[5] 0.333357
s[6] 0.333407
s[7] 0.416663
y(0, 0, 0, 1, 2, 0, 0, 0) 0.99999
y(0, 0, 0, 3, 0, 0, 0, 0) 0.66667
y(0, 1, 0, 0, 0, 0, 0, 2) 0.99999
y(0, 2, 0, 0, 0, 0, 2, 0) 0.250005
y(1, 0, 0, 0, 0, 0, 0, 2) 0.50001
y(1, 2, 1, 0, 0, 1, 0, 0) 0.99999
y(2, 1, 1, 0, 0, 0, 1, 0) 0.99999
y(2, 1, 1, 0, 0, 1, 0, 0) 0.99999
y(2, 3, 0, 0, 0, 0, 1, 0) 0.5
y(7, 0, 0, 0, 0, 0, 0, 0) 0.0714257
Obj: 0
RT: 375.42363691329956 seconds.
#############################################################
--------------------- target_lp_sol = 6---------------------
#############################################################
Set parameter LazyConstraints to value 1
Set parameter NodefileStart to value 4
Gurobi Optimizer version 9.5.2 build v9.5.2rc0 (mac64[arm])
Thread count: 8 physical cores, 8 logical processors, using up to 8 threads
Optimize a model with 116185 rows, 13222 columns and 298329 nonzeros
Model fingerprint: 0xdb045da5
Variable types: 6443 continuous, 6779 integer (6771 binary)
Coefficient statistics:
  Matrix range     [1e+00, 9e+00]
  Objective range  [0e+00, 0e+00]
  Bounds range     [1e-01, 4e+01]
  RHS range        [1e+00, 4e+01]
Presolve removed 82657 rows and 4790 columns
Presolve time: 4.34s
Presolved: 33528 rows, 8432 columns, 109290 nonzeros
Variable types: 4094 continuous, 4338 integer (4330 binary)

Root relaxation: objective 0.000000e+00, 2661 iterations, 0.24 seconds (0.91 work units)
Total elapsed time = 6.51s

    Nodes    |    Current Node    |     Objective Bounds      |     Work
 Expl Unexpl |  Obj  Depth IntInf | Incumbent    BestBd   Gap | It/Node Time

     0     0    0.00000    0  530          -    0.00000      -     -   11s
     0     0    0.00000    0  200          -    0.00000      -     -   19s
     0     0    0.00000    0  200          -    0.00000      -     -   20s
     0     0    0.00000    0  186          -    0.00000      -     -   21s
     0     0    0.00000    0 1226          -    0.00000      -     -   39s
     0     0    0.00000    0  804          -    0.00000      -     -   59s
     0     0    0.00000    0  814          -    0.00000      -     -   60s
     0     0    0.00000    0 1557          -    0.00000      -     -   81s
     0     0    0.00000    0 1466          -    0.00000      -     -   83s
     0     0    0.00000    0 1538          -    0.00000      -     -   97s
     0     0    0.00000    0 1538          -    0.00000      -     -  105s
     0     2    0.00000    0 1538          -    0.00000      -     -  123s
     1     4    0.00000    1  917          -    0.00000      - 24429  130s
    39    48    0.00000    7  361          -    0.00000      -  1678  135s
   326   233    0.00000   15   50          -    0.00000      -   366  140s
  1510   316    0.00000   33    4          -    0.00000      -   133  145s
  2314   488    0.00000   24   88          -    0.00000      -  91.7  150s
  3062   473    0.00000   28    4          -    0.00000      -  74.9  156s
  4498   469    0.00000   11  418          -    0.00000      -  57.3  163s
  4499   330 infeasible   38               -    0.00000      -  57.3  165s
  5435   280    0.00000   27    -          -    0.00000      -  50.6  170s
  6634   314    0.00000   36    2          -    0.00000      -  44.5  176s
  7370   298    0.00000   35    3          -    0.00000      -  42.0  180s
  8615   256    0.00000   34    4          -    0.00000      -  39.1  187s
  9605   293    0.00000   28    5          -    0.00000      -  37.9  190s
 10641   292    0.00000   42    5          -    0.00000      -  37.7  196s
 11848   274 infeasible   39               -    0.00000      -  38.2  201s
 13461   323    0.00000   36    2          -    0.00000      -  37.3  208s
 14427   323    0.00000   39    5          -    0.00000      -  36.3  213s
 14908   361    0.00000   48    8          -    0.00000      -  36.0  215s
 16441   290 infeasible   40               -    0.00000      -  34.8  223s
 17362   283    0.00000   38    3          -    0.00000      -  34.8  227s
 18327   275    0.00000   44    -          -    0.00000      -  34.7  231s
 19902   357    0.00000   37   58          -    0.00000      -  34.9  236s
 20072   358    0.00000   14 1538          -    0.00000      -  35.0  270s
 20074   359    0.00000   10 3471          -    0.00000      -  35.0  365s
 20075   360    0.00000   29 1529          -    0.00000      -  35.0  444s
 20076   361    0.00000   38 2523          -    0.00000      -  35.0  456s
 20077   361    0.00000   44 2686          -    0.00000      -  35.0  480s
 20079   363    0.00000   27 2390          -    0.00000      -  35.0  494s
 20080   363    0.00000   37 2368          -    0.00000      -  35.0  496s
 20081   364    0.00000   29 2285          -    0.00000      -  35.0  511s
 20083   365    0.00000   44  779          -    0.00000      -  34.9  527s
 20085   367    0.00000   28  802          -    0.00000      -  34.9  533s
 20086   367    0.00000   29  833          -    0.00000      -  34.9  535s
 20087   368    0.00000   28  801          -    0.00000      -  34.9  551s
 20089   369    0.00000   34  799          -    0.00000      -  34.9  560s
 20091   371    0.00000    7 1829          -    0.00000      -  34.9  592s
 20092   371    0.00000    6 1829          -    0.00000      -  34.9  601s
 20093   372    0.00000   28 1829          -    0.00000      -  34.9  637s
 20094   376    0.00000   12  479          -    0.00000      -  53.7  678s
 20096   379    0.00000   13  344          -    0.00000      -  53.8  706s
 20100   386    0.00000   14  156          -    0.00000      -  54.1  738s
 20108   391    0.00000   15  115          -    0.00000      -  54.5  743s
 20116   395    0.00000   15  122          -    0.00000      -  54.8  752s
 20168   438    0.00000   19  100          -    0.00000      -  55.9  755s
 20430   392    0.00000   29    7          -    0.00000      -  56.2  761s
 20835   308 infeasible   42               -    0.00000      -  55.5  766s
 21356   165    0.00000   47    4          -    0.00000      -  54.5  771s
 22215   313    0.00000   51    2          -    0.00000      -  52.9  780s
 22555   402 infeasible   33               -    0.00000      -  52.3  785s
Allowed patterns:
(0, 0, 0, 0, 0, 0, 0, 0) 1
(0, 0, 0, 0, 0, 0, 0, 1) 1
(0, 0, 0, 0, 0, 0, 1, 0) 1
(0, 0, 0, 0, 0, 1, 0, 0) 1
(0, 0, 0, 0, 0, 1, 0, 1) 1
(0, 0, 0, 0, 0, 1, 1, 0) 1
(0, 0, 0, 0, 0, 2, 0, 0) 1
(0, 0, 0, 0, 1, 0, 0, 0) 1
(0, 0, 0, 0, 1, 0, 0, 1) 1
(0, 0, 0, 0, 1, 0, 1, 0) 1
(0, 0, 0, 0, 1, 1, 0, 0) 1
(0, 0, 0, 0, 2, 0, 0, 0) 1
(0, 0, 0, 1, 0, 0, 0, 0) 1
(0, 0, 0, 1, 0, 0, 0, 1) 1
(0, 0, 0, 1, 0, 0, 1, 0) 1
(0, 0, 0, 1, 0, 1, 0, 0) 1
(0, 0, 0, 1, 1, 0, 0, 0) 1
(0, 0, 0, 1, 2, 0, 0, 0) 1
(0, 0, 0, 2, 0, 0, 0, 0) 1
(0, 0, 0, 2, 0, 1, 0, 0) 1
(0, 0, 0, 2, 1, 0, 0, 0) 1
(0, 0, 0, 3, 0, 0, 0, 0) 1
(0, 0, 1, 0, 0, 0, 0, 0) 1
(0, 0, 1, 0, 0, 0, 0, 1) 1
(0, 0, 1, 0, 0, 0, 1, 0) 1
(0, 0, 1, 0, 0, 1, 0, 0) 1
(0, 0, 1, 0, 1, 0, 0, 0) 1
(0, 0, 1, 0, 2, 0, 0, 0) 1
(0, 0, 1, 1, 0, 0, 0, 0) 1
(0, 0, 1, 1, 0, 1, 0, 0) 1
(0, 0, 1, 1, 1, 0, 0, 0) 1
(0, 0, 1, 2, 0, 0, 0, 0) 1
(0, 0, 2, 0, 0, 0, 0, 0) 1
(0, 0, 2, 0, 0, 1, 0, 0) 1
(0, 0, 2, 0, 1, 0, 0, 0) 1
(0, 0, 2, 1, 0, 0, 0, 0) 1
(0, 0, 3, 0, 0, 0, 0, 0) 1
(0, 1, 0, 0, 0, 0, 0, 0) 1
(0, 1, 0, 0, 0, 0, 0, 1) 1
(0, 1, 0, 0, 0, 0, 1, 0) 1
(0, 1, 0, 0, 0, 1, 0, 0) 1
(0, 1, 0, 0, 0, 2, 0, 0) 1
(0, 1, 0, 0, 1, 0, 0, 0) 1
(0, 1, 0, 0, 1, 1, 0, 0) 1
(0, 1, 0, 0, 2, 0, 0, 0) 1
(0, 1, 0, 1, 0, 0, 0, 0) 1
(0, 1, 0, 1, 0, 1, 0, 0) 1
(0, 1, 0, 1, 1, 0, 0, 0) 1
(0, 1, 0, 2, 0, 0, 0, 0) 1
(0, 1, 1, 0, 0, 0, 0, 0) 1
(0, 1, 1, 0, 0, 1, 0, 0) 1
(0, 1, 1, 0, 1, 0, 0, 0) 1
(0, 1, 1, 1, 0, 0, 0, 0) 1
(0, 1, 2, 0, 0, 0, 0, 0) 1
(0, 2, 0, 0, 0, 0, 0, 0) 1
(0, 2, 0, 0, 0, 1, 0, 0) 1
(0, 2, 0, 0, 1, 0, 0, 0) 1
(0, 2, 0, 1, 0, 0, 0, 0) 1
(0, 2, 1, 0, 0, 0, 0, 0) 1
(0, 3, 0, 0, 0, 0, 0, 0) 1
(1, 0, 0, 0, 0, 0, 0, 0) 1
(1, 0, 0, 0, 0, 0, 0, 1) 1
(1, 0, 0, 0, 0, 0, 1, 0) 1
(1, 0, 0, 0, 0, 1, 0, 0) 1
(1, 0, 0, 0, 0, 2, 0, 0) 1
(1, 0, 0, 0, 1, 0, 0, 0) 1
(1, 0, 0, 0, 1, 0, 1, 0) 1
(1, 0, 0, 0, 1, 1, 0, 0) 1
(1, 0, 0, 0, 2, 0, 0, 0) 1
(1, 0, 0, 1, 0, 0, 0, 0) 1
(1, 0, 0, 1, 0, 0, 1, 0) 1
(1, 0, 0, 1, 0, 1, 0, 0) 1
(1, 0, 0, 1, 1, 0, 0, 0) 1
(1, 0, 0, 2, 0, 0, 0, 0) 1
(1, 0, 1, 0, 0, 0, 0, 0) 1
(1, 0, 1, 0, 0, 0, 0, 1) 1
(1, 0, 1, 0, 0, 0, 1, 0) 1
(1, 0, 1, 0, 0, 1, 0, 0) 1
(1, 0, 1, 0, 1, 0, 0, 0) 1
(1, 0, 1, 1, 0, 0, 0, 0) 1
(1, 0, 2, 0, 0, 0, 0, 0) 1
(1, 0, 3, 0, 0, 0, 0, 0) 1
(1, 1, 0, 0, 0, 0, 0, 0) 1
(1, 1, 0, 0, 0, 0, 0, 1) 1
(1, 1, 0, 0, 0, 0, 1, 0) 1
(1, 1, 0, 0, 0, 1, 0, 0) 1
(1, 1, 0, 0, 1, 0, 0, 0) 1
(1, 1, 0, 1, 0, 0, 0, 0) 1
(1, 1, 0, 2, 0, 0, 0, 0) 1
(1, 1, 1, 0, 0, 0, 0, 0) 1
(1, 1, 1, 1, 0, 0, 0, 0) 1
(1, 1, 2, 0, 0, 0, 0, 0) 1
(1, 2, 0, 0, 0, 0, 0, 0) 1
(1, 2, 0, 0, 0, 1, 0, 0) 1
(1, 2, 0, 0, 1, 0, 0, 0) 1
(1, 2, 0, 1, 0, 0, 0, 0) 1
(1, 2, 1, 0, 0, 0, 0, 0) 1
(1, 3, 0, 0, 0, 0, 0, 0) 1
(2, 0, 0, 0, 0, 0, 0, 0) 1
(2, 0, 0, 0, 0, 0, 0, 1) 1
(2, 0, 0, 0, 0, 0, 1, 0) 1
(2, 0, 0, 0, 0, 1, 0, 0) 1
(2, 0, 0, 0, 0, 2, 0, 0) 1
(2, 0, 0, 0, 1, 0, 0, 0) 1
(2, 0, 0, 0, 1, 1, 0, 0) 1
(2, 0, 0, 0, 2, 0, 0, 0) 1
(2, 0, 0, 1, 0, 0, 0, 0) 1
(2, 0, 0, 1, 0, 1, 0, 0) 1
(2, 0, 0, 1, 1, 0, 0, 0) 1
(2, 0, 0, 2, 0, 0, 0, 0) 1
(2, 0, 1, 0, 0, 0, 0, 0) 1
(2, 0, 1, 0, 0, 1, 0, 0) 1
(2, 0, 1, 0, 1, 0, 0, 0) 1
(2, 0, 1, 1, 0, 0, 0, 0) 1
(2, 0, 2, 0, 0, 0, 0, 0) 1
(2, 1, 0, 0, 0, 0, 0, 0) 1
(2, 1, 0, 0, 0, 1, 0, 0) 1
(2, 1, 0, 0, 1, 0, 0, 0) 1
(2, 1, 0, 1, 0, 0, 0, 0) 1
(2, 1, 1, 0, 0, 0, 0, 0) 1
(2, 2, 0, 0, 0, 0, 0, 0) 1
(3, 0, 0, 0, 0, 0, 0, 0) 1
(3, 0, 0, 0, 0, 0, 0, 1) 1
(3, 0, 0, 0, 0, 0, 1, 0) 1
(3, 0, 0, 0, 0, 1, 0, 0) 1
(3, 0, 0, 0, 1, 0, 0, 0) 1
(3, 0, 0, 1, 0, 0, 0, 0) 1
(3, 0, 1, 0, 0, 0, 0, 0) 1
(3, 0, 1, 1, 0, 0, 0, 0) 1
(3, 0, 2, 0, 0, 0, 0, 0) 1
(3, 1, 0, 0, 0, 0, 0, 0) 1
(3, 1, 0, 0, 0, 1, 0, 0) 1
(3, 1, 0, 0, 1, 0, 0, 0) 1
(3, 1, 0, 1, 0, 0, 0, 0) 1
(3, 1, 1, 0, 0, 0, 0, 0) 1
(3, 2, 0, 0, 0, 0, 0, 0) 1
(4, 0, 0, 0, 0, 0, 0, 0) 1
(4, 0, 0, 0, 0, 1, 0, 0) 1
(4, 0, 0, 0, 1, 0, 0, 0) 1
(4, 0, 0, 1, 0, 0, 0, 0) 1
(4, 0, 1, 0, 0, 0, 0, 0) 1
(4, 1, 0, 0, 0, 0, 0, 0) 1
(5, 0, 0, 0, 0, 0, 0, 0) 1
(5, 0, 0, 0, 1, 0, 0, 0) 1
(5, 0, 0, 1, 0, 0, 0, 0) 1
(5, 0, 1, 0, 0, 0, 0, 0) 1
(5, 1, 0, 0, 0, 0, 0, 0) 1
(6, 0, 0, 0, 0, 0, 0, 0) 1
(7, 0, 0, 0, 0, 0, 0, 0) 1
Used patterns:
(0, 0, 2, 1, 0, 0, 0, 0) 1.0
(0, 1, 0, 0, 1, 1, 0, 0) 1.0
(1, 0, 0, 0, 0, 0, 0, 0) 1.0
(1, 0, 0, 0, 1, 0, 1, 0) 1.0
(1, 0, 1, 0, 0, 0, 0, 1) 1.0
(1, 1, 0, 2, 0, 0, 0, 0) 1.0
(3, 1, 0, 0, 0, 1, 0, 0) 1.0
CallbackMIP is feasible, but ILP objective value is 7.0!
*22876   332              34       0.0000000    0.00000  0.00%  51.7  789s

Cutting planes:
  Cover: 7
  Implied bound: 39
  Projected implied bound: 12
  Clique: 6
  MIR: 6
  Flow cover: 8
  Relax-and-lift: 4
  Lazy constraints: 252

Explored 23323 nodes (1339093 simplex iterations) in 790.03 seconds (2041.42 work units)
Thread count was 8 (of 8 available processors)

Solution count 1: 0

Optimal solution found (tolerance 1.00e-04)
Best objective 0.000000000000e+00, best bound 0.000000000000e+00, gap 0.0000%

User-callback calls 165027, time in user-callback 108.80 sec
n0 7
n1 3
n2 3
n3 3
n4 2
n5 2
n6 1
n7 1
n_0^0 1
n_0^1 1
n_0^2 1
n_0^3 1
n_0^4 1
n_0^5 1
n_0^6 1
n_1^0 1
n_1^1 1
n_1^2 1
n_2^0 1
n_2^1 1
n_2^2 1
n_3^0 1
n_3^1 1
n_3^2 1
n_4^0 1
n_4^1 1
n_5^0 1
n_5^1 1
n_6^0 1
n_7^0 1
x(0, 0, 0, 0, 0, 0, 0, 0) 1
x(0, 0, 0, 0, 0, 0, 0, 1) 1
x(0, 0, 0, 0, 0, 0, 1, 0) 1
x(0, 0, 0, 0, 0, 1, 0, 0) 1
x(0, 0, 0, 0, 0, 1, 0, 1) 1
x(0, 0, 0, 0, 0, 1, 1, 0) 1
x(0, 0, 0, 0, 0, 2, 0, 0) 1
x(0, 0, 0, 0, 1, 0, 0, 0) 1
x(0, 0, 0, 0, 1, 0, 0, 1) 1
x(0, 0, 0, 0, 1, 0, 1, 0) 1
x(0, 0, 0, 0, 1, 1, 0, 0) 1
x(0, 0, 0, 0, 2, 0, 0, 0) 1
x(0, 0, 0, 1, 0, 0, 0, 0) 1
x(0, 0, 0, 1, 0, 0, 0, 1) 1
x(0, 0, 0, 1, 0, 0, 1, 0) 1
x(0, 0, 0, 1, 0, 1, 0, 0) 1
x(0, 0, 0, 1, 1, 0, 0, 0) 1
x(0, 0, 0, 1, 2, 0, 0, 0) 1
x(0, 0, 0, 2, 0, 0, 0, 0) 1
x(0, 0, 0, 2, 0, 1, 0, 0) 1
x(0, 0, 0, 2, 1, 0, 0, 0) 1
x(0, 0, 0, 3, 0, 0, 0, 0) 1
x(0, 0, 1, 0, 0, 0, 0, 0) 1
x(0, 0, 1, 0, 0, 0, 0, 1) 1
x(0, 0, 1, 0, 0, 0, 1, 0) 1
x(0, 0, 1, 0, 0, 1, 0, 0) 1
x(0, 0, 1, 0, 1, 0, 0, 0) 1
x(0, 0, 1, 0, 2, 0, 0, 0) 1
x(0, 0, 1, 1, 0, 0, 0, 0) 1
x(0, 0, 1, 1, 0, 1, 0, 0) 1
x(0, 0, 1, 1, 1, 0, 0, 0) 1
x(0, 0, 1, 2, 0, 0, 0, 0) 1
x(0, 0, 2, 0, 0, 0, 0, 0) 1
x(0, 0, 2, 0, 0, 1, 0, 0) 1
x(0, 0, 2, 0, 1, 0, 0, 0) 1
x(0, 0, 2, 1, 0, 0, 0, 0) 1
x(0, 0, 3, 0, 0, 0, 0, 0) 1
x(0, 1, 0, 0, 0, 0, 0, 0) 1
x(0, 1, 0, 0, 0, 0, 0, 1) 1
x(0, 1, 0, 0, 0, 0, 1, 0) 1
x(0, 1, 0, 0, 0, 1, 0, 0) 1
x(0, 1, 0, 0, 0, 2, 0, 0) 1
x(0, 1, 0, 0, 1, 0, 0, 0) 1
x(0, 1, 0, 0, 1, 1, 0, 0) 1
x(0, 1, 0, 0, 2, 0, 0, 0) 1
x(0, 1, 0, 1, 0, 0, 0, 0) 1
x(0, 1, 0, 1, 0, 1, 0, 0) 1
x(0, 1, 0, 1, 1, 0, 0, 0) 1
x(0, 1, 0, 2, 0, 0, 0, 0) 1
x(0, 1, 1, 0, 0, 0, 0, 0) 1
x(0, 1, 1, 0, 0, 1, 0, 0) 1
x(0, 1, 1, 0, 1, 0, 0, 0) 1
x(0, 1, 1, 1, 0, 0, 0, 0) 1
x(0, 1, 2, 0, 0, 0, 0, 0) 1
x(0, 2, 0, 0, 0, 0, 0, 0) 1
x(0, 2, 0, 0, 0, 1, 0, 0) 1
x(0, 2, 0, 0, 1, 0, 0, 0) 1
x(0, 2, 0, 1, 0, 0, 0, 0) 1
x(0, 2, 1, 0, 0, 0, 0, 0) 1
x(0, 3, 0, 0, 0, 0, 0, 0) 1
x(1, 0, 0, 0, 0, 0, 0, 0) 1
x(1, 0, 0, 0, 0, 0, 0, 1) 1
x(1, 0, 0, 0, 0, 0, 1, 0) 1
x(1, 0, 0, 0, 0, 1, 0, 0) 1
x(1, 0, 0, 0, 0, 2, 0, 0) 1
x(1, 0, 0, 0, 1, 0, 0, 0) 1
x(1, 0, 0, 0, 1, 0, 1, 0) 1
x(1, 0, 0, 0, 1, 1, 0, 0) 1
x(1, 0, 0, 0, 2, 0, 0, 0) 1
x(1, 0, 0, 1, 0, 0, 0, 0) 1
x(1, 0, 0, 1, 0, 0, 1, 0) 1
x(1, 0, 0, 1, 0, 1, 0, 0) 1
x(1, 0, 0, 1, 1, 0, 0, 0) 1
x(1, 0, 0, 2, 0, 0, 0, 0) 1
x(1, 0, 1, 0, 0, 0, 0, 0) 1
x(1, 0, 1, 0, 0, 0, 0, 1) 1
x(1, 0, 1, 0, 0, 0, 1, 0) 1
x(1, 0, 1, 0, 0, 1, 0, 0) 1
x(1, 0, 1, 0, 1, 0, 0, 0) 1
x(1, 0, 1, 1, 0, 0, 0, 0) 1
x(1, 0, 2, 0, 0, 0, 0, 0) 1
x(1, 0, 3, 0, 0, 0, 0, 0) 1
x(1, 1, 0, 0, 0, 0, 0, 0) 1
x(1, 1, 0, 0, 0, 0, 0, 1) 1
x(1, 1, 0, 0, 0, 0, 1, 0) 1
x(1, 1, 0, 0, 0, 1, 0, 0) 1
x(1, 1, 0, 0, 1, 0, 0, 0) 1
x(1, 1, 0, 1, 0, 0, 0, 0) 1
x(1, 1, 0, 2, 0, 0, 0, 0) 1
x(1, 1, 1, 0, 0, 0, 0, 0) 1
x(1, 1, 1, 1, 0, 0, 0, 0) 1
x(1, 1, 2, 0, 0, 0, 0, 0) 1
x(1, 2, 0, 0, 0, 0, 0, 0) 1
x(1, 2, 0, 0, 0, 1, 0, 0) 1
x(1, 2, 0, 0, 1, 0, 0, 0) 1
x(1, 2, 0, 1, 0, 0, 0, 0) 1
x(1, 2, 1, 0, 0, 0, 0, 0) 1
x(1, 3, 0, 0, 0, 0, 0, 0) 1
x(2, 0, 0, 0, 0, 0, 0, 0) 1
x(2, 0, 0, 0, 0, 0, 0, 1) 1
x(2, 0, 0, 0, 0, 0, 1, 0) 1
x(2, 0, 0, 0, 0, 1, 0, 0) 1
x(2, 0, 0, 0, 0, 2, 0, 0) 1
x(2, 0, 0, 0, 1, 0, 0, 0) 1
x(2, 0, 0, 0, 1, 1, 0, 0) 1
x(2, 0, 0, 0, 2, 0, 0, 0) 1
x(2, 0, 0, 1, 0, 0, 0, 0) 1
x(2, 0, 0, 1, 0, 1, 0, 0) 1
x(2, 0, 0, 1, 1, 0, 0, 0) 1
x(2, 0, 0, 2, 0, 0, 0, 0) 1
x(2, 0, 1, 0, 0, 0, 0, 0) 1
x(2, 0, 1, 0, 0, 1, 0, 0) 1
x(2, 0, 1, 0, 1, 0, 0, 0) 1
x(2, 0, 1, 1, 0, 0, 0, 0) 1
x(2, 0, 2, 0, 0, 0, 0, 0) 1
x(2, 1, 0, 0, 0, 0, 0, 0) 1
x(2, 1, 0, 0, 0, 1, 0, 0) 1
x(2, 1, 0, 0, 1, 0, 0, 0) 1
x(2, 1, 0, 1, 0, 0, 0, 0) 1
x(2, 1, 1, 0, 0, 0, 0, 0) 1
x(2, 2, 0, 0, 0, 0, 0, 0) 1
x(3, 0, 0, 0, 0, 0, 0, 0) 1
x(3, 0, 0, 0, 0, 0, 0, 1) 1
x(3, 0, 0, 0, 0, 0, 1, 0) 1
x(3, 0, 0, 0, 0, 1, 0, 0) 1
x(3, 0, 0, 0, 1, 0, 0, 0) 1
x(3, 0, 0, 1, 0, 0, 0, 0) 1
x(3, 0, 1, 0, 0, 0, 0, 0) 1
x(3, 0, 1, 1, 0, 0, 0, 0) 1
x(3, 0, 2, 0, 0, 0, 0, 0) 1
x(3, 1, 0, 0, 0, 0, 0, 0) 1
x(3, 1, 0, 0, 0, 1, 0, 0) 1
x(3, 1, 0, 0, 1, 0, 0, 0) 1
x(3, 1, 0, 1, 0, 0, 0, 0) 1
x(3, 1, 1, 0, 0, 0, 0, 0) 1
x(3, 2, 0, 0, 0, 0, 0, 0) 1
x(4, 0, 0, 0, 0, 0, 0, 0) 1
x(4, 0, 0, 0, 0, 1, 0, 0) 1
x(4, 0, 0, 0, 1, 0, 0, 0) 1
x(4, 0, 0, 1, 0, 0, 0, 0) 1
x(4, 0, 1, 0, 0, 0, 0, 0) 1
x(4, 1, 0, 0, 0, 0, 0, 0) 1
x(5, 0, 0, 0, 0, 0, 0, 0) 1
x(5, 0, 0, 0, 1, 0, 0, 0) 1
x(5, 0, 0, 1, 0, 0, 0, 0) 1
x(5, 0, 1, 0, 0, 0, 0, 0) 1
x(5, 1, 0, 0, 0, 0, 0, 0) 1
x(6, 0, 0, 0, 0, 0, 0, 0) 1
x(7, 0, 0, 0, 0, 0, 0, 0) 1
s[0] 0.12501
s[1] 0.250003
s[2] 0.291663
s[3] 0.31249
s[4] 0.333379
s[5] 0.374967
s[6] 0.541611
s[7] 0.583327
y(0, 0, 0, 1, 2, 0, 0, 0) 0.49339
y(0, 0, 0, 2, 0, 1, 0, 0) 0.25331
y(1, 0, 0, 0, 1, 0, 1, 0) 0.99999
y(1, 0, 1, 0, 0, 0, 0, 1) 0.99999
y(1, 0, 3, 0, 0, 0, 0, 0) 0.66667
y(1, 1, 0, 2, 0, 0, 0, 0) 0.99999
y(1, 2, 0, 0, 0, 1, 0, 0) 0.61988
y(2, 0, 0, 0, 0, 2, 0, 0) 0.18328
y(3, 1, 0, 0, 0, 1, 0, 0) 0.76025
y(5, 0, 0, 0, 1, 0, 0, 0) 0.01323
Obj: 0
RT: 790.8863387107849 seconds.
#############################################################
--------------------- target_lp_sol = 5---------------------
#############################################################
Set parameter LazyConstraints to value 1
Set parameter NodefileStart to value 4
Gurobi Optimizer version 9.5.2 build v9.5.2rc0 (mac64[arm])
Thread count: 8 physical cores, 8 logical processors, using up to 8 threads
Optimize a model with 116129 rows, 13166 columns and 298161 nonzeros
Model fingerprint: 0x3cfea924
Variable types: 6443 continuous, 6723 integer (6715 binary)
Coefficient statistics:
  Matrix range     [1e+00, 9e+00]
  Objective range  [0e+00, 0e+00]
  Bounds range     [1e-01, 3e+01]
  RHS range        [1e+00, 4e+01]
Presolve removed 96270 rows and 8046 columns
Presolve time: 4.32s
Presolved: 19859 rows, 5120 columns, 64399 nonzeros
Variable types: 2469 continuous, 2651 integer (2643 binary)

Root relaxation: objective 0.000000e+00, 2536 iterations, 0.17 seconds (0.48 work units)
Total elapsed time = 5.95s

    Nodes    |    Current Node    |     Objective Bounds      |     Work
 Expl Unexpl |  Obj  Depth IntInf | Incumbent    BestBd   Gap | It/Node Time

     0     0    0.00000    0  450          -    0.00000      -     -    8s
     0     0    0.00000    0  891          -    0.00000      -     -   16s
     0     0    0.00000    0 1440          -    0.00000      -     -   19s
     0     0    0.00000    0 1482          -    0.00000      -     -   24s
     0     0    0.00000    0 1481          -    0.00000      -     -   25s
     0     0    0.00000    0 1460          -    0.00000      -     -   34s
     0     0    0.00000    0 1468          -    0.00000      -     -   35s
     0     0    0.00000    0 1371          -    0.00000      -     -   41s
     0     0    0.00000    0 1375          -    0.00000      -     -   42s
     0     0    0.00000    0 1037          -    0.00000      -     -   48s
     0     0    0.00000    0 1037          -    0.00000      -     -   53s
     0     2    0.00000    0 1037          -    0.00000      -     -   63s
     7     8    0.00000    3  167          -    0.00000      -  3793   66s
    29    26 infeasible    6               -    0.00000      -  1485   71s
   123    60    0.00000    7  631          -    0.00000      -   607   75s
   904    45 infeasible   14               -    0.00000      -   261   80s
  1349    24    0.00000   17  660          -    0.00000      -   279   85s
  1493     3 infeasible   11               -    0.00000      -   302   90s

Cutting planes:
  Cover: 850
  Implied bound: 727
  Clique: 114
  MIR: 119
  Flow cover: 1
  GUB cover: 7
  Zero half: 13
  RLT: 11
  Relax-and-lift: 8
  PSD: 583

Explored 1521 nodes (592251 simplex iterations) in 91.74 seconds (276.10 work units)
Thread count was 8 (of 8 available processors)

Solution count 0

Model is infeasible
Best objective -, best bound -, gap -

User-callback calls 17734, time in user-callback 0.03 sec
RT: 92.58683586120605 seconds.
#############################################################
--------------------- target_lp_sol = 4---------------------
#############################################################
Set parameter LazyConstraints to value 1
Set parameter NodefileStart to value 4
Gurobi Optimizer version 9.5.2 build v9.5.2rc0 (mac64[arm])
Thread count: 8 physical cores, 8 logical processors, using up to 8 threads
Optimize a model with 116073 rows, 13110 columns and 297993 nonzeros
Model fingerprint: 0xfc9e63f6
Variable types: 6443 continuous, 6667 integer (6659 binary)
Coefficient statistics:
  Matrix range     [1e+00, 9e+00]
  Objective range  [0e+00, 0e+00]
  Bounds range     [1e-01, 3e+01]
  RHS range        [1e+00, 3e+01]
Presolve removed 106902 rows and 10638 columns
Presolve time: 3.08s
Presolved: 9171 rows, 2472 columns, 29374 nonzeros
Variable types: 1175 continuous, 1297 integer (1289 binary)

Root relaxation: objective 0.000000e+00, 3357 iterations, 0.18 seconds (0.54 work units)

    Nodes    |    Current Node    |     Objective Bounds      |     Work
 Expl Unexpl |  Obj  Depth IntInf | Incumbent    BestBd   Gap | It/Node Time

     0     0    0.00000    0  480          -    0.00000      -     -    4s
     0     0    0.00000    0  905          -    0.00000      -     -    7s
     0     0    0.00000    0  899          -    0.00000      -     -    7s
     0     0    0.00000    0  808          -    0.00000      -     -   10s
     0     0    0.00000    0  808          -    0.00000      -     -   10s
     0     0    0.00000    0  735          -    0.00000      -     -   13s
     0     0    0.00000    0  753          -    0.00000      -     -   13s
     0     0    0.00000    0  696          -    0.00000      -     -   16s
     0     0    0.00000    0  700          -    0.00000      -     -   16s
     0     0    0.00000    0  678          -    0.00000      -     -   18s
     0     0    0.00000    0  670          -    0.00000      -     -   18s
     0     0    0.00000    0  521          -    0.00000      -     -   19s
     0     0    0.00000    0  521          -    0.00000      -     -   20s
     0     2    0.00000    0  521          -    0.00000      -     -   21s

Cutting planes:
  Gomory: 1
  Cover: 480
  Implied bound: 394
  Clique: 256
  MIR: 79
  Flow cover: 7
  GUB cover: 3
  Zero half: 1
  RLT: 57
  Relax-and-lift: 33
  BQP: 1
  PSD: 111

Explored 141 nodes (127499 simplex iterations) in 23.87 seconds (51.68 work units)
Thread count was 8 (of 8 available processors)

Solution count 0

Model is infeasible
Best objective -, best bound -, gap -

User-callback calls 3983, time in user-callback 0.01 sec
RT: 24.70998501777649 seconds.
#############################################################
--------------------- target_lp_sol = 3---------------------
#############################################################
Set parameter LazyConstraints to value 1
Set parameter NodefileStart to value 4
Gurobi Optimizer version 9.5.2 build v9.5.2rc0 (mac64[arm])
Thread count: 8 physical cores, 8 logical processors, using up to 8 threads
Optimize a model with 116017 rows, 13054 columns and 297825 nonzeros
Model fingerprint: 0xb32cfcf1
Variable types: 6443 continuous, 6611 integer (6603 binary)
Coefficient statistics:
  Matrix range     [1e+00, 9e+00]
  Objective range  [0e+00, 0e+00]
  Bounds range     [1e-01, 2e+01]
  RHS range        [1e+00, 2e+01]
Presolve removed 113259 rows and 12127 columns
Presolve time: 1.43s
Presolved: 2758 rows, 927 columns, 8476 nonzeros
Variable types: 429 continuous, 498 integer (490 binary)

Root relaxation: objective 0.000000e+00, 1339 iterations, 0.04 seconds (0.11 work units)

    Nodes    |    Current Node    |     Objective Bounds      |     Work
 Expl Unexpl |  Obj  Depth IntInf | Incumbent    BestBd   Gap | It/Node Time

     0     0    0.00000    0  301          -    0.00000      -     -    1s
     0     0    0.00000    0  322          -    0.00000      -     -    2s
     0     0    0.00000    0  322          -    0.00000      -     -    2s
     0     0    0.00000    0  318          -    0.00000      -     -    2s
     0     0    0.00000    0  322          -    0.00000      -     -    2s
     0     0    0.00000    0  323          -    0.00000      -     -    2s
     0     0    0.00000    0  311          -    0.00000      -     -    2s
     0     0    0.00000    0  311          -    0.00000      -     -    2s
     0     2    0.00000    0  311          -    0.00000      -     -    3s

Cutting planes:
  Cover: 3
  Implied bound: 11
  Clique: 50
  MIR: 7
  Flow cover: 3
  RLT: 55
  Relax-and-lift: 5

Explored 11 nodes (16246 simplex iterations) in 3.25 seconds (5.53 work units)
Thread count was 8 (of 8 available processors)

Solution count 0

Model is infeasible
Best objective -, best bound -, gap -

User-callback calls 1010, time in user-callback 0.00 sec
RT: 4.084906816482544 seconds.
#############################################################
--------------------- target_lp_sol = 2---------------------
#############################################################
Set parameter LazyConstraints to value 1
Set parameter NodefileStart to value 4
Gurobi Optimizer version 9.5.2 build v9.5.2rc0 (mac64[arm])
Thread count: 8 physical cores, 8 logical processors, using up to 8 threads
Optimize a model with 115961 rows, 12998 columns and 297657 nonzeros
Model fingerprint: 0x96056261
Variable types: 6443 continuous, 6555 integer (6547 binary)
Coefficient statistics:
  Matrix range     [1e+00, 9e+00]
  Objective range  [0e+00, 0e+00]
  Bounds range     [1e-01, 1e+01]
  RHS range        [1e+00, 1e+01]
Presolve removed 115458 rows and 12782 columns
Presolve time: 0.42s

Explored 0 nodes (0 simplex iterations) in 0.44 seconds (0.70 work units)
Thread count was 1 (of 8 available processors)

Solution count 0

Model is infeasible
Best objective -, best bound -, gap -

User-callback calls 360, time in user-callback 0.00 sec
RT: 1.2805941104888916 seconds.
#############################################################
--------------------- target_lp_sol = 1---------------------
#############################################################
Set parameter LazyConstraints to value 1
Set parameter NodefileStart to value 4
Gurobi Optimizer version 9.5.2 build v9.5.2rc0 (mac64[arm])
Thread count: 8 physical cores, 8 logical processors, using up to 8 threads
Optimize a model with 115905 rows, 12942 columns and 297489 nonzeros
Model fingerprint: 0xf6a1e8a9
Variable types: 6443 continuous, 6499 integer (6491 binary)
Coefficient statistics:
  Matrix range     [1e+00, 9e+00]
  Objective range  [0e+00, 0e+00]
  Bounds range     [1e-01, 6e+00]
  RHS range        [1e+00, 1e+01]
Presolve removed 44907 rows and 65 columns
Presolve time: 0.01s

Explored 0 nodes (0 simplex iterations) in 0.03 seconds (0.08 work units)
Thread count was 1 (of 8 available processors)

Solution count 0

Model is infeasible
Best objective -, best bound -, gap -

User-callback calls 84, time in user-callback 0.00 sec
RT: 0.8679602146148682 seconds.

Process finished with exit code 0
