10
1000(Generations finished so far: 21)
0.01
500
93
94
128
64
4
2.0
0.5
$
0.666666666666667
0.666666666666667
0.666666666666667
0.666666666666667
0.666666666666667
0.666666666666667
0.666666666666667
0.6666666666666665
0.6666666666666665
0.6666666666666665
0.6666666666666665
0.6666666666666665
0.6666666666666665
0.6666666666666665
0.6666666666666665
0.6666666666666665
0.6666666666666665
0.6666666666666665
0.6666666666666665
0.6666666666666665
0.6666666666666665
0.6666666666666665
0.6666666666666665
0.6666666666666665
0.6666666666666661
0.6666666666666661
0.6666666666666661
0.6666666666666661
0.6666666666666661
0.6666666666666661
