Generation 0. 1.9529123306274414

Generation 1. 11.542956113815308

----Generation 1----

1. Best individuals: [0.66666667 0.66666667 0.66666667 0.66666667 0.66666667 0.66666667
 0.66666667 0.66666667 0.66666667 0.66666667 0.66666667 0.66666667
 0.66666667 0.66666667 0.66666667 0.66666667 0.66666667 0.66666667
 0.66666667 0.66666667 0.66666667 0.66666667 0.66666667 0.66666667
 0.66666667 0.66666667 0.66666667 0.66666667 0.66666667 0.66666667]
Mean reward: 0.6049999999999998
Sessgen: 1.1907193660736084, other: 0.0001952648162841797, select1: 0.0009768009185791016, select2: 0.0005433559417724609, select3: 3.600120544433594e-05, fit: 0.3394944667816162, score: 0.0003807544708251953
