17
500(Generations finished so far: 61)
0.01
500
93
94
128
64
4
2.0
0.5
out/10-12-2022_18:43_savedmodel
eval_score_method 2
$
-9.333333333333332
-9.333333333333332
-9.333333333333332
-9.333333333333332
-9.333333333333332
-9.333333333333332
-9.333333333333332
-9.333333333333332
-9.333333333333332
-9.333333333333332
-9.333333333333332
-9.333333333333332
-9.333333333333332
-9.333333333333332
-9.333333333333332
-9.333333333333332
-9.333333333333332
-9.333333333333332
-9.333333333333332
-9.333333333333332
-9.333333333333332
-9.333333333333332
-9.333333333333332
-9.333333333333332
-9.333333333333332
-9.333333333333332
-9.333333333333332
-9.333333333333332
-9.333333333333332
-9.333333333333332
