17
1000(Generations finished so far: 2)
0.01
300
93
94
128
64
4
2.0
0.5
x
eval_score_method 3
$
-62.0
[1 0 1 0 0 1 0 0 1 1 1 0 1 0 0 0 1 0 1 1 0 1 0 0 0 1 0 0 0 0 0 0 1 0 1 0 0
 0 0 0 1 1 0 0 0 0 0 0 0 1 0 0 0 0 0 1 0 0 0 0 1 0 0 0 0 0 0 0 0 1 0 0 0 0
 0 0 0 0 1 1 1 0 1 0 0 0 1 1 1 0 0 1 0 0 0 0 0 1 1 1 0 1 0 0 0 1 0 1 0 1 1
 1 1 0 1 0 1 0 1 1 0 0 1 1 1 1 1 0 0 0 1 0 0 0 1 1 1 1 1 0 1 0 0 0 1 1 1 0
 0 1 0 1 0 0 0 0 0 0 0 0 0 0 0 0 1 1 0 1 1 0 1 0 1 0 0 0 0 0 0 0 1 1 1 1 1
 0 0 0 0 0 1 1 1 1 0 0 0 0 0 0 0 1 1 1 0 1 1 0 1 0 0 1 0 0 1 1 0 0 0 0 0 0
 0 0 0 0 0 0 0 0 0 1 0 1 0 0 0 1 1 0 0 0 0 1 1 0 1 0 0 0 0 1 1 1 0 0 0 1 1
 1 1 0 0 1 0 0 0 0 0 1 1 0 1 1 0 1 1 1 1 1 0 1 0 0 0 0 1 1 1]
17
1000(Generations finished so far: 202)
0.01
300
93
94
128
64
4
2.0
0.5
x
eval_score_method 3
$
-6.0
[0 0 0 1 0 0 0 0 0 0 0 0 0 1 0 0 1 0 0 1 0 0 0 1 1 0 0 1 0 0 0 0 0 0 0 0 1
 0 0 0 0 0 0 0 1 1 0 0 0 0 0 0 1 1 0 0 0 0 0 0 0 0 0 0 0 1 0 0 0 0 0 0 1 0
 0 1 0 1 0 0 0 0 0 0 0 0 0 0 0 0 0 1 0 0 1 0 0 0 0 1 0 0 0 0 0 0 1 0 0 0 0
 0 0 0 1 1 0 0 0 0 0 0 0 0 0 1 1 0 0 1 0 0 0 0 0 0 0 0 1 0 0 0 1 0 1 0 0 0
 0 0 0 0 0 0 1 0 0 1 0 0 0 0 0 0 0 0 0 0 0 0 0 1 0 0 0 0 1 0 0 0 1 0 0 0 0
 0 0 0 0 0 0 0 0 0 1 0 0 0 0 0 0 0 0 0 0 0 0 0 1 0 0 0 0 0 0 1 0 0 1 0 0 1
 0 0 0 0 1 0 0 0 0 0 0 0 0 0 0 0 1 0 0 0 0 1 0 1 0 0 0 0 0 0 0 0 0 0 0 0 0
 0 1 0 1 0 0 0 0 0 0 0 0 0 0 0 0 0 0 1 0 1 0 0 0 1 0 0 0 0 0]
