17
200
0.01
500
93
94
128
64
4
2.0
0.5
$
1.153846153846155
1.1428571428571423
1.1428571428571423
1.1052631578947372
1.1000000000000005
1.1000000000000005
1.1000000000000005
1.0999999999999996
1.0999999999999996
1.09375
1.0869565217391308
1.083333333333334
1.083333333333334
1.083333333333334
1.083333333333334
1.083333333333334
1.083333333333334
1.083333333333333
1.083333333333333
1.083333333333333
1.083333333333333
1.0810810810810816
1.0769230769230784
1.0769230769230766
1.071428571428572
1.071428571428572
1.071428571428572
1.071428571428572
1.0677966101694922
1.0666666666666673
1.0666666666666664
1.0666666666666655
