17
492
0.01
500
93
94
128
64
4
2.0
0.5
$
1.333333333333333
1.3333333333333321
1.3333333333333321
1.3333333333333321
1.3333333333333321
1.3333333333333321
1.3333333333333321
1.3333333333333321
1.3333333333333321
1.3333333333333321
1.3333333333333321
1.3333333333333321
1.3333333333333321
1.3333333333333321
1.3333333333333321
1.3333333333333321
1.3333333333333321
1.3333333333333321
1.3333333333333321
1.3333333333333321
1.3333333333333321
1.3333333333333321
1.3333333333333321
1.3333333333333321
1.3333333333333321
1.3333333333333321
1.3333333333333321
1.3333333333333321
1.3333333333333321
1.3333333333333321
