66.7796875
71.0464480874317
71.68619791666669
72.02734375
72.1875
72.2962962962963
72.34375
72.39583333333334
72.36458333333334
72.484375
72.49871794871795
72.65625
72.64583333333334
72.55384615384615
72.6328125
72.65591397849465
72.58723958333334
72.64583333333334
72.609375
72.66666666666667
72.63541666666667
72.6666666666667
72.58984375
72.66666666666667
72.64583333333334
72.66666666666667
72.65591397849465
72.64583333333334
72.63541666666667
72.64583333333334
72.66666666666667
72.61025641025641
