72.66666666666667
72.66666666666667
72.66666666666667
72.66666666666667
72.66666666666667
72.66666666666667
72.66666666666667
72.66666666666667
72.66666666666667
72.66666666666667
72.66666666666667
72.66666666666667
72.66666666666667
72.66666666666667
72.66666666666667
72.66666666666667
72.66666666666667
72.66666666666667
72.66666666666667
72.66666666666667
72.66666666666667
72.66666666666667
72.66666666666667
72.66666666666667
72.66666666666667
72.66666666666667
72.66666666666667
72.66666666666667
72.66666666666667
72.66666666666667
72.66666666666667
72.66666666666667
72.66666666666667
72.66666666666667
72.66666666666667
72.66666666666667
72.66666666666667
72.66666666666667
72.66666666666667
72.66666666666667
72.66666666666667
72.66666666666667
72.66666666666667
72.66666666666667
72.66666666666667
72.66666666666667
72.66666666666667
72.66666666666667
72.66666666666667
72.66666666666667
72.66666666666667
72.66666666666667
72.66666666666667
72.66666666666667
72.66666666666667
72.66666666666667
72.66666666666667
72.66666666666667
72.66666666666667
72.66666666666667
72.66666666666667
72.66666666666667
72.0
71.16666666666667
71.16666666666667
