72.66666666666667
72.66666666666667
72.66666666666667
72.66666666666667
72.66666666666667
72.66666666666667
72.66666666666667
72.0
72.0
72.0
72.0
72.0
72.0
72.0
72.0
72.0
72.0
71.66666666666667
71.66666666666667
71.66666666666667
71.16666666666667
71.16666666666667
71.16666666666667
71.16666666666667
71.16666666666667
71.16666666666667
71.0
71.0
71.0
71.0
71.0
71.0
71.0
71.0
71.0
71.0
70.91666666666667
70.91666666666667
70.91666666666667
70.91666666666667
70.91666666666667
70.66666666666667
70.66666666666667
70.66666666666667
70.66666666666667
70.66666666666667
70.66666666666667
70.5
70.5
70.5
70.5
70.5
70.26666666666667
70.26666666666667
70.26666666666667
70.25
70.25
70.25
70.25
70.25
70.25
70.25
70.25
70.0
