72.66666666666667
72.0
71.0
70.91666666666667
70.66666666666667
70.5
70.5
70.26666666666667
70.25
70.0
70.0
69.66666666666667
69.66666666666667
69.26666666666667
69.2
69.16666666666667
69.16666666666667
69.0
68.91666666666667
68.91666666666667
68.5
68.11666666666667
68.0
68.0
67.7
67.7
67.66666666666667
67.6
67.45
67.2
66.66666666666667
66.66666666666667
66.66666666666667
66.66666666666667
66.5
66.25
66.2
66.0
66.0
66.0
65.7
65.66666666666667
65.6
65.2
65.16666666666667
65.0
65.0
65.0
65.0
64.91666666666667
64.51666666666667
64.51666666666667
64.5
64.5
64.5
64.26666666666667
64.25
64.25
64.25
64.25
64.16666666666667
64.11666666666666
64.0
64.0
64.0
64.0
