n0 5
n1 2
n2 2
n3 1
n4 1
n5 1
n6 1
n7 1
n_0^0 1
n_0^1 1
n_0^2 1
n_0^3 1
n_0^4 1
n_1^0 1
n_1^1 1
n_2^0 1
n_2^1 1
n_3^0 1
n_4^0 1
n_5^0 1
n_6^0 1
n_7^0 1
x(0, 0, 0, 0, 0, 0, 0, 0) 1
x(0, 0, 0, 0, 0, 0, 0, 1) 1
x(0, 0, 0, 0, 0, 0, 1, 0) 1
x(0, 0, 0, 0, 0, 1, 0, 0) 1
x(0, 0, 0, 0, 1, 0, 0, 0) 1
x(0, 0, 0, 1, 0, 0, 0, 0) 1
x(0, 0, 1, 0, 0, 0, 0, 0) 1
x(0, 0, 1, 1, 0, 0, 0, 0) 0.999991
x(0, 0, 2, 0, 0, 0, 0, 0) 0.999991
x(0, 1, 0, 0, 0, 0, 0, 0) 1
x(0, 1, 0, 1, 0, 0, 0, 0) 1
x(0, 1, 1, 0, 0, 0, 0, 0) 1
x(0, 2, 0, 0, 0, 0, 0, 0) 1
x(1, 0, 0, 0, 0, 0, 0, 0) 1
x(1, 0, 0, 0, 0, 1, 0, 0) 1
x(1, 0, 0, 0, 1, 0, 0, 0) 1
x(1, 0, 0, 1, 0, 0, 0, 0) 1
x(1, 0, 1, 0, 0, 0, 0, 0) 1
x(1, 1, 0, 0, 0, 0, 0, 0) 1
x(1, 2, 0, 0, 0, 0, 0, 0) 1
x(2, 0, 0, 0, 0, 0, 0, 0) 1
x(2, 1, 0, 0, 0, 0, 0, 0) 1
x(3, 0, 0, 0, 0, 0, 0, 0) 1
x(4, 0, 0, 0, 0, 0, 0, 0) 1
s[0] 0.25
s[1] 0.333337
s[2] 0.500004
s[3] 0.500005
s[4] 0.666673
s[5] 0.666673
s[6] 1
s[7] 1
y(0, 0, 0, 0, 0, 0, 0, 1) 1
y(0, 0, 0, 0, 0, 0, 1, 0) 1
y(0, 0, 1, 1, 0, 0, 0, 0) 0.999991
y(0, 0, 2, 0, 0, 0, 0, 0) 0.500005
y(1, 0, 0, 0, 0, 1, 0, 0) 1
y(1, 0, 0, 0, 1, 0, 0, 0) 1
y(1, 2, 0, 0, 0, 0, 0, 0) 1
y(4, 0, 0, 0, 0, 0, 0, 0) 0.499995
Obj: 14
RT: 292.49504685401917 seconds.