n0 7
n1 5
n2 1
n3 1
n_0^0 1
n_0^1 1
n_0^2 1
n_0^3 1
n_0^4 1
n_0^5 1
n_0^6 1
n_1^0 1
n_1^1 1
n_1^2 1
n_1^3 1
n_1^4 1
n_2^0 1
n_3^0 1
x(0, 0, 0, 0, 0, 0, 0, 0) 1
x(0, 0, 0, 1, 0, 0, 0, 0) 1
x(0, 0, 1, 0, 0, 0, 0, 0) 1
x(0, 1, 0, 0, 0, 0, 0, 0) 1
x(0, 1, 0, 1, 0, 0, 0, 0) 1
x(0, 1, 1, 0, 0, 0, 0, 0) 1
x(0, 2, 0, 0, 0, 0, 0, 0) 1
x(0, 2, 0, 1, 0, 0, 0, 0) 1
x(0, 2, 1, 0, 0, 0, 0, 0) 1
x(0, 3, 0, 0, 0, 0, 0, 0) 1
x(0, 4, 0, 0, 0, 0, 0, 0) 1
x(0, 5, 0, 0, 0, 0, 0, 0) 0.999995
x(1, 0, 0, 0, 0, 0, 0, 0) 1
x(1, 0, 0, 1, 0, 0, 0, 0) 1
x(1, 0, 1, 0, 0, 0, 0, 0) 1
x(1, 1, 0, 0, 0, 0, 0, 0) 1
x(1, 1, 0, 1, 0, 0, 0, 0) 1
x(1, 1, 1, 0, 0, 0, 0, 0) 1
x(1, 2, 0, 0, 0, 0, 0, 0) 1
x(1, 3, 0, 0, 0, 0, 0, 0) 1
x(1, 4, 0, 0, 0, 0, 0, 0) 1
x(2, 0, 0, 0, 0, 0, 0, 0) 1
x(2, 0, 0, 1, 0, 0, 0, 0) 1
x(2, 0, 1, 0, 0, 0, 0, 0) 1
x(2, 1, 0, 0, 0, 0, 0, 0) 1
x(2, 1, 0, 1, 0, 0, 0, 0) 1
x(2, 1, 1, 0, 0, 0, 0, 0) 1
x(2, 2, 0, 0, 0, 0, 0, 0) 1
x(2, 3, 0, 0, 0, 0, 0, 0) 1
x(3, 0, 0, 0, 0, 0, 0, 0) 1
x(3, 0, 0, 1, 0, 0, 0, 0) 1
x(3, 0, 1, 0, 0, 0, 0, 0) 1
x(3, 1, 0, 0, 0, 0, 0, 0) 1
x(3, 2, 0, 0, 0, 0, 0, 0) 1
x(4, 0, 0, 0, 0, 0, 0, 0) 1
x(4, 1, 0, 0, 0, 0, 0, 0) 1
x(4, 2, 0, 0, 0, 0, 0, 0) 1
x(5, 0, 0, 0, 0, 0, 0, 0) 1
x(5, 1, 0, 0, 0, 0, 0, 0) 1
x(6, 0, 0, 0, 0, 0, 0, 0) 1
x(6, 1, 0, 0, 0, 0, 0, 0) 1
x(7, 0, 0, 0, 0, 0, 0, 0) 1
s[0] 0.133333
s[1] 0.200004
s[2] 0.500005
s[3] 0.533331
s[4] 0.866677
s[5] 1
s[6] 1
s[7] 1
y(0, 5, 0, 0, 0, 0, 0, 0) 0.5
y(2, 1, 0, 1, 0, 0, 0, 0) 1
y(2, 1, 1, 0, 0, 0, 0, 0) 1
y(6, 1, 0, 0, 0, 0, 0, 0) 0.5
Obj: 14
RT: 142.07861399650574 seconds.