n0 1
n1 1
n2 1
n3 1
n4 2
n_0^0 1
n_1^0 1
n_2^0 1
n_3^0 1
n_4^0 1
n_4^1 1
x(0, 0, 0, 0, 0) 1
x(0, 0, 0, 0, 1) 1
x(0, 0, 0, 0, 2) 1
x(0, 0, 0, 0, 3) 1
x(0, 0, 0, 1, 0) 1
x(0, 0, 0, 1, 1) 1
x(0, 0, 0, 2, 0) 1
x(0, 0, 1, 0, 0) 1
x(0, 0, 1, 0, 1) 1
x(0, 0, 1, 0, 2) 1
x(0, 0, 1, 1, 0) 1
x(0, 0, 2, 0, 0) 1
x(0, 0, 2, 0, 1) 1
x(0, 0, 2, 1, 0) 1
x(0, 0, 3, 0, 0) 1
x(0, 1, 0, 0, 0) 1
x(0, 1, 0, 0, 1) 1
x(0, 1, 0, 0, 2) 1
x(0, 1, 0, 1, 0) 1
x(0, 1, 0, 1, 1) 1
x(0, 1, 0, 2, 0) 1
x(0, 1, 1, 0, 0) 1
x(0, 1, 1, 0, 1) 1
x(0, 1, 1, 1, 0) 1
x(0, 1, 2, 0, 0) 1
x(0, 2, 0, 0, 0) 1
x(0, 2, 0, 0, 1) 1
x(0, 2, 0, 1, 0) 1
x(0, 2, 1, 0, 0) 1
x(0, 3, 0, 0, 0) 1
x(1, 0, 0, 0, 0) 1
x(1, 0, 0, 0, 1) 1
x(1, 0, 0, 1, 0) 1
x(1, 0, 1, 0, 0) 1
x(1, 0, 2, 0, 0) 1
x(1, 1, 0, 0, 0) 1
x(1, 1, 0, 0, 1) 1
x(1, 1, 1, 0, 0) 1
x(1, 2, 0, 0, 0) 1
x(2, 0, 0, 0, 0) 1
s[0] 0.37501
s[1] 0.25
s[2] 0.291677
s[3] 0.375
s[4] 0.333333
y(0, 0, 0, 0, 3) 0.5
y(0, 1, 0, 2, 0) 0.5
y(1, 0, 2, 0, 0) 0.5
y(1, 1, 0, 0, 1) 0.5
Obj: 0
RT: 0.17271208763122559 seconds.