n0 6
n1 3
n2 2
n3 1
n4 1
n_0^0 1
n_0^1 1
n_0^2 1
n_0^3 1
n_0^4 1
n_0^5 1
n_1^0 1
n_1^1 1
n_1^2 1
n_2^0 1
n_2^1 1
n_3^0 1
n_4^0 1
x(0, 0, 0, 0, 0, 0, 0, 0) 1
x(0, 0, 0, 0, 1, 0, 0, 0) 1
x(0, 0, 0, 1, 0, 0, 0, 0) 1
x(0, 0, 1, 0, 0, 0, 0, 0) 1
x(0, 0, 2, 0, 0, 0, 0, 0) 1
x(0, 1, 0, 0, 0, 0, 0, 0) 1
x(0, 1, 0, 1, 0, 0, 0, 0) 1
x(0, 1, 1, 0, 0, 0, 0, 0) 1
x(0, 2, 0, 0, 0, 0, 0, 0) 1
x(0, 2, 1, 0, 0, 0, 0, 0) 1
x(0, 3, 0, 0, 0, 0, 0, 0) 1
x(1, 0, 0, 0, 0, 0, 0, 0) 1
x(1, 0, 0, 0, 1, 0, 0, 0) 1
x(1, 0, 0, 1, 0, 0, 0, 0) 1
x(1, 0, 1, 0, 0, 0, 0, 0) 1
x(1, 0, 2, 0, 0, 0, 0, 0) 1
x(1, 1, 0, 0, 0, 0, 0, 0) 1
x(1, 1, 1, 0, 0, 0, 0, 0) 1
x(1, 2, 0, 0, 0, 0, 0, 0) 1
x(1, 3, 0, 0, 0, 0, 0, 0) 1
x(2, 0, 0, 0, 0, 0, 0, 0) 1
x(2, 0, 1, 0, 0, 0, 0, 0) 1
x(2, 0, 2, 0, 0, 0, 0, 0) 0.999993
x(2, 1, 0, 0, 0, 0, 0, 0) 1
x(2, 1, 1, 0, 0, 0, 0, 0) 1
x(2, 2, 0, 0, 0, 0, 0, 0) 1
x(3, 0, 0, 0, 0, 0, 0, 0) 1
x(3, 0, 1, 0, 0, 0, 0, 0) 1
x(3, 1, 0, 0, 0, 0, 0, 0) 1
x(4, 0, 0, 0, 0, 0, 0, 0) 1
x(4, 0, 1, 0, 0, 0, 0, 0) 1
x(4, 1, 0, 0, 0, 0, 0, 0) 1
x(5, 0, 0, 0, 0, 0, 0, 0) 1
x(5, 1, 0, 0, 0, 0, 0, 0) 0.999996
x(6, 0, 0, 0, 0, 0, 0, 0) 1
s[0] 0.142861
s[1] 0.285713
s[2] 0.357149
s[3] 0.714287
s[4] 0.857139
s[5] 0.857149
s[6] 0.857149
s[7] 1
y(0, 1, 0, 1, 0, 0, 0, 0) 1
y(1, 0, 0, 0, 1, 0, 0, 0) 1
y(1, 3, 0, 0, 0, 0, 0, 0) 0.499987
y(2, 0, 2, 0, 0, 0, 0, 0) 0.999993
y(5, 1, 0, 0, 0, 0, 0, 0) 0.500001
Obj: 13
RT: 427.54520988464355 seconds.