n0 5
n1 3
n2 2
n3 1
n4 1
n5 1
n_0^0 1
n_0^1 1
n_0^2 1
n_0^3 1
n_0^4 1
n_1^0 1
n_1^1 1
n_1^2 1
n_2^0 1
n_2^1 1
n_3^0 1
n_4^0 1
n_5^0 1
x(0, 0, 0, 0, 0, 0, 0, 0) 1
x(0, 0, 0, 0, 0, 1, 0, 0) 1
x(0, 0, 0, 0, 1, 0, 0, 0) 1
x(0, 0, 0, 1, 0, 0, 0, 0) 1
x(0, 0, 1, 0, 0, 0, 0, 0) 1
x(0, 0, 1, 1, 0, 0, 0, 0) 1
x(0, 0, 2, 0, 0, 0, 0, 0) 1
x(0, 1, 0, 0, 0, 0, 0, 0) 1
x(0, 1, 0, 0, 1, 0, 0, 0) 1
x(0, 1, 0, 1, 0, 0, 0, 0) 1
x(0, 1, 1, 0, 0, 0, 0, 0) 1
x(0, 2, 0, 0, 0, 0, 0, 0) 1
x(0, 3, 0, 0, 0, 0, 0, 0) 1
x(1, 0, 0, 0, 0, 0, 0, 0) 1
x(1, 0, 0, 0, 0, 1, 0, 0) 1
x(1, 0, 0, 0, 1, 0, 0, 0) 1
x(1, 0, 0, 1, 0, 0, 0, 0) 1
x(1, 0, 1, 0, 0, 0, 0, 0) 1
x(1, 1, 0, 0, 0, 0, 0, 0) 1
x(1, 2, 0, 0, 0, 0, 0, 0) 1
x(2, 0, 0, 0, 0, 0, 0, 0) 1
x(2, 0, 0, 1, 0, 0, 0, 0) 1
x(2, 0, 1, 0, 0, 0, 0, 0) 1
x(2, 1, 0, 0, 0, 0, 0, 0) 1
x(3, 0, 0, 0, 0, 0, 0, 0) 1
x(3, 1, 0, 0, 0, 0, 0, 0) 1
x(4, 0, 0, 0, 0, 0, 0, 0) 1
x(5, 0, 0, 0, 0, 0, 0, 0) 1
s[0] 0.166682
s[1] 0.333333
s[2] 0.499995
s[3] 0.500005
s[4] 0.666667
s[5] 0.833318
s[6] 1.00001
s[7] 1.00001
y(0, 0, 1, 1, 0, 0, 0, 0) 0.666667
y(0, 0, 2, 0, 0, 0, 0, 0) 0.666667
y(0, 1, 0, 0, 1, 0, 0, 0) 1
y(0, 3, 0, 0, 0, 0, 0, 0) 0.666667
y(1, 0, 0, 0, 0, 1, 0, 0) 1
y(2, 0, 0, 1, 0, 0, 0, 0) 0.333333
y(5, 0, 0, 0, 0, 0, 0, 0) 0.666667
Obj: 13
RT: 759.579537153244 seconds.