n0 5
n1 4
n2 4
n3 3
n4 1
n5 1
x(0, 0, 0, 0, 0, 0) 1
x(0, 0, 0, 0, 0, 1) 1
x(0, 0, 0, 0, 1, 0) 1
x(0, 0, 0, 1, 0, 0) 1
x(0, 0, 0, 1, 1, 0) 1
x(0, 0, 0, 2, 0, 0) 1
x(0, 0, 0, 3, 0, 0) 1
x(0, 0, 1, 0, 0, 0) 1
x(0, 0, 1, 0, 0, 1) 1
x(0, 0, 1, 0, 1, 0) 1
x(0, 0, 1, 1, 0, 0) 1
x(0, 0, 1, 2, 0, 0) 1
x(0, 0, 2, 0, 0, 0) 1
x(0, 0, 2, 1, 0, 0) 1
x(0, 0, 3, 0, 0, 0) 1
x(0, 1, 0, 0, 0, 0) 1
x(0, 1, 0, 0, 0, 1) 1
x(0, 1, 0, 0, 1, 0) 1
x(0, 1, 0, 1, 0, 0) 1
x(0, 1, 0, 2, 0, 0) 1
x(0, 1, 1, 0, 0, 0) 1
x(0, 1, 1, 0, 1, 0) 1
x(0, 1, 1, 1, 0, 0) 1
x(0, 1, 2, 0, 0, 0) 1
x(0, 1, 3, 0, 0, 0) 1
x(0, 2, 0, 0, 0, 0) 1
x(0, 2, 0, 0, 1, 0) 1
x(0, 2, 0, 1, 0, 0) 1
x(0, 2, 1, 0, 0, 0) 1
x(0, 2, 2, 0, 0, 0) 1
x(0, 3, 0, 0, 0, 0) 1
x(0, 3, 0, 1, 0, 0) 1
x(0, 3, 1, 0, 0, 0) 1
x(0, 4, 0, 0, 0, 0) 1
x(1, 0, 0, 0, 0, 0) 1
x(1, 0, 0, 0, 0, 1) 1
x(1, 0, 0, 0, 1, 0) 1
x(1, 0, 0, 1, 0, 0) 1
x(1, 0, 0, 2, 0, 0) 1
x(1, 0, 1, 0, 0, 0) 1
x(1, 0, 1, 0, 1, 0) 1
x(1, 0, 1, 1, 0, 0) 1
x(1, 0, 2, 0, 0, 0) 1
x(1, 0, 3, 0, 0, 0) 1
x(1, 1, 0, 0, 0, 0) 1
x(1, 1, 0, 0, 1, 0) 1
x(1, 1, 0, 1, 0, 0) 1
x(1, 1, 1, 0, 0, 0) 1
x(1, 1, 1, 1, 0, 0) 1
x(1, 1, 2, 0, 0, 0) 1
x(1, 2, 0, 0, 0, 0) 1
x(1, 2, 0, 1, 0, 0) 1
x(1, 2, 1, 0, 0, 0) 1
x(1, 3, 0, 0, 0, 0) 1
x(1, 4, 0, 0, 0, 0) 1
x(2, 0, 0, 0, 0, 0) 1
x(2, 0, 0, 0, 1, 0) 1
x(2, 0, 0, 1, 0, 0) 1
x(2, 0, 0, 2, 0, 0) 1
x(2, 0, 1, 0, 0, 0) 1
x(2, 0, 1, 1, 0, 0) 1
x(2, 0, 2, 0, 0, 0) 1
x(2, 1, 0, 0, 0, 0) 1
x(2, 1, 0, 1, 0, 0) 1
x(2, 1, 1, 0, 0, 0) 1
x(2, 2, 0, 0, 0, 0) 1
x(2, 3, 0, 0, 0, 0) 1
x(3, 0, 0, 0, 0, 0) 1
x(3, 0, 0, 1, 0, 0) 1
x(3, 0, 1, 0, 0, 0) 1
x(3, 1, 0, 0, 0, 0) 1
x(3, 1, 1, 0, 0, 0) 1
x(3, 2, 0, 0, 0, 0) 1
x(4, 0, 0, 0, 0, 0) 1
x(4, 0, 0, 1, 0, 0) 1
x(4, 0, 1, 0, 0, 0) 1
x(4, 1, 0, 0, 0, 0) 1
x(5, 0, 0, 0, 0, 0) 1
s[0] 0.166677
s[1] 0.208331
s[2] 0.250055
s[3] 0.333293
s[4] 0.50004
s[5] 0.666717
y(0, 0, 0, 3, 0, 0) 0.527778
y(0, 0, 1, 0, 0, 1) 1
y(0, 1, 1, 0, 1, 0) 1
y(0, 1, 3, 0, 0, 0) 0.666667
y(1, 4, 0, 0, 0, 0) 0.583333
y(2, 0, 0, 2, 0, 0) 0.208333
y(4, 0, 0, 1, 0, 0) 1
Obj: 0