n0 5
n1 4
n2 3
n3 2
n4 3
n5 1
x(0, 0, 0, 0, 0, 0) 1
x(0, 0, 0, 0, 0, 1) 1
x(0, 0, 0, 0, 1, 0) 1
x(0, 0, 0, 0, 2, 0) 1
x(0, 0, 0, 1, 0, 0) 1
x(0, 0, 0, 1, 1, 0) 1
x(0, 0, 0, 2, 0, 0) 1
x(0, 0, 1, 0, 0, 0) 1
x(0, 0, 1, 0, 0, 1) 1
x(0, 0, 1, 0, 1, 0) 1
x(0, 0, 1, 1, 0, 0) 1
x(0, 0, 2, 0, 0, 0) 1
x(0, 0, 3, 0, 0, 0) 1
x(0, 1, 0, 0, 0, 0) 1
x(0, 1, 0, 0, 0, 1) 1
x(0, 1, 0, 0, 1, 0) 1
x(0, 1, 0, 1, 0, 0) 1
x(0, 1, 1, 0, 0, 0) 1
x(0, 1, 2, 0, 0, 0) 1
x(0, 2, 0, 0, 0, 0) 1
x(0, 2, 0, 0, 1, 0) 1
x(0, 2, 0, 1, 0, 0) 1
x(0, 2, 1, 0, 0, 0) 1
x(0, 3, 0, 0, 0, 0) 1
x(0, 3, 1, 0, 0, 0) 1
x(0, 4, 0, 0, 0, 0) 1
x(1, 0, 0, 0, 0, 0) 1
x(1, 0, 0, 0, 0, 1) 1
x(1, 0, 0, 0, 1, 0) 1
x(1, 0, 0, 1, 0, 0) 1
x(1, 0, 1, 0, 0, 0) 1
x(1, 0, 2, 0, 0, 0) 1
x(1, 1, 0, 0, 0, 0) 1
x(1, 1, 0, 0, 1, 0) 1
x(1, 1, 0, 1, 0, 0) 1
x(1, 1, 1, 0, 0, 0) 1
x(1, 2, 0, 0, 0, 0) 1
x(1, 2, 1, 0, 0, 0) 1
x(1, 3, 0, 0, 0, 0) 1
x(1, 4, 0, 0, 0, 0) 1
x(2, 0, 0, 0, 0, 0) 1
x(2, 0, 0, 0, 1, 0) 1
x(2, 0, 0, 1, 0, 0) 1
x(2, 0, 1, 0, 0, 0) 1
x(2, 1, 0, 0, 0, 0) 1
x(2, 1, 1, 0, 0, 0) 1
x(2, 2, 0, 0, 0, 0) 1
x(2, 3, 0, 0, 0, 0) 1
x(3, 0, 0, 0, 0, 0) 1
x(3, 0, 1, 0, 0, 0) 1
x(3, 1, 0, 0, 0, 0) 1
x(3, 2, 0, 0, 0, 0) 1
x(4, 0, 0, 0, 0, 0) 1
x(4, 1, 0, 0, 0, 0) 1
x(5, 0, 0, 0, 0, 0) 1
s[0] 0.199992
s[1] 0.200002
s[2] 0.333333
s[3] 0.466685
s[4] 0.5
s[5] 0.666667
y(0, 0, 0, 0, 2, 0) 1
y(0, 0, 0, 1, 1, 0) 1
y(0, 0, 0, 2, 0, 0) 0.5
y(0, 0, 1, 0, 0, 1) 1
y(0, 0, 3, 0, 0, 0) 0.666667
y(1, 4, 0, 0, 0, 0) 0.5
y(3, 2, 0, 0, 0, 0) 1
y(5, 0, 0, 0, 0, 0) 0.3