n0 5
n1 3
n2 3
n3 2
n4 1
n5 1
n6 1
n7 1
n_0^0 1
n_0^1 1
n_0^2 1
n_0^3 1
n_0^4 1
n_1^0 1
n_1^1 1
n_1^2 1
n_2^0 1
n_2^1 1
n_2^2 1
n_3^0 1
n_3^1 1
n_4^0 1
n_5^0 1
n_6^0 1
n_7^0 1
x(0, 0, 0, 0, 0, 0, 0, 0) 1
x(0, 0, 0, 0, 0, 0, 0, 1) 1
x(0, 0, 0, 0, 0, 0, 1, 0) 1
x(0, 0, 0, 0, 0, 1, 0, 0) 1
x(0, 0, 0, 0, 1, 0, 0, 0) 1
x(0, 0, 0, 1, 0, 0, 0, 0) 1
x(0, 0, 0, 2, 0, 0, 0, 0) 1
x(0, 0, 1, 0, 0, 0, 0, 0) 1
x(0, 0, 1, 1, 0, 0, 0, 0) 1
x(0, 0, 2, 0, 0, 0, 0, 0) 1
x(0, 1, 0, 0, 0, 0, 0, 0) 1
x(0, 1, 0, 0, 1, 0, 0, 0) 1
x(0, 1, 0, 1, 0, 0, 0, 0) 1
x(0, 1, 1, 0, 0, 0, 0, 0) 1
x(0, 2, 0, 0, 0, 0, 0, 0) 1
x(0, 3, 0, 0, 0, 0, 0, 0) 1
x(1, 0, 0, 0, 0, 0, 0, 0) 1
x(1, 0, 0, 0, 0, 1, 0, 0) 1
x(1, 0, 0, 0, 1, 0, 0, 0) 1
x(1, 0, 0, 1, 0, 0, 0, 0) 1
x(1, 0, 1, 0, 0, 0, 0, 0) 1
x(1, 1, 0, 0, 0, 0, 0, 0) 1
x(1, 2, 0, 0, 0, 0, 0, 0) 1
x(2, 0, 0, 0, 0, 0, 0, 0) 1
x(2, 0, 0, 1, 0, 0, 0, 0) 1
x(2, 0, 1, 0, 0, 0, 0, 0) 1
x(2, 1, 0, 0, 0, 0, 0, 0) 1
x(3, 0, 0, 0, 0, 0, 0, 0) 1
x(3, 1, 0, 0, 0, 0, 0, 0) 1
x(4, 0, 0, 0, 0, 0, 0, 0) 1
x(5, 0, 0, 0, 0, 0, 0, 0) 1
s[0] 0.166677
s[1] 0.333333
s[2] 0.5
s[3] 0.5
s[4] 0.666667
s[5] 0.833323
s[6] 0.833333
s[7] 0.833333
y(0, 0, 0, 0, 0, 0, 0, 1) 0.999999
y(0, 0, 0, 0, 0, 0, 1, 0) 1
y(0, 0, 0, 2, 0, 0, 0, 0) 0.499999
y(0, 0, 1, 1, 0, 0, 0, 0) 1
y(0, 0, 2, 0, 0, 0, 0, 0) 1
y(0, 1, 0, 0, 1, 0, 0, 0) 1
y(0, 3, 0, 0, 0, 0, 0, 0) 0.666666
y(1, 0, 0, 0, 0, 1, 0, 0) 1
y(5, 0, 0, 0, 0, 0, 0, 0) 0.8
Obj: 17
RT: 3765.383049964905 seconds.