n0 6
n1 6
n2 7
n3 5
n4 3
n5 2
n6 1
x(0, 0, 0, 0, 0, 0, 0) 1
x(0, 0, 0, 0, 0, 0, 1) 1
x(0, 0, 0, 0, 0, 1, 0) 1
x(0, 0, 0, 0, 0, 2, 0) 1
x(0, 0, 0, 0, 1, 0, 0) 1
x(0, 0, 0, 0, 1, 1, 0) 1
x(0, 0, 0, 0, 2, 0, 0) 1
x(0, 0, 0, 1, 0, 0, 0) 1
x(0, 0, 0, 1, 0, 0, 1) 1
x(0, 0, 0, 1, 0, 1, 0) 1
x(0, 0, 0, 1, 1, 0, 0) 1
x(0, 0, 0, 2, 0, 0, 0) 1
x(0, 0, 0, 2, 0, 1, 0) 1
x(0, 0, 0, 2, 1, 0, 0) 1
x(0, 0, 0, 3, 0, 0, 0) 1
x(0, 0, 0, 4, 0, 0, 0) 1
x(0, 0, 1, 0, 0, 0, 0) 1
x(0, 0, 1, 0, 0, 0, 1) 1
x(0, 0, 1, 0, 0, 1, 0) 1
x(0, 0, 1, 0, 1, 0, 0) 1
x(0, 0, 1, 0, 1, 1, 0) 1
x(0, 0, 1, 0, 2, 0, 0) 1
x(0, 0, 1, 1, 0, 0, 0) 1
x(0, 0, 1, 1, 0, 1, 0) 1
x(0, 0, 1, 1, 1, 0, 0) 1
x(0, 0, 1, 2, 0, 0, 0) 1
x(0, 0, 1, 3, 0, 0, 0) 1
x(0, 0, 2, 0, 0, 0, 0) 1
x(0, 0, 2, 0, 0, 1, 0) 1
x(0, 0, 2, 0, 1, 0, 0) 1
x(0, 0, 2, 1, 0, 0, 0) 1
x(0, 0, 2, 1, 0, 1, 0) 1
x(0, 0, 2, 1, 1, 0, 0) 1
x(0, 0, 2, 2, 0, 0, 0) 1
x(0, 0, 3, 0, 0, 0, 0) 1
x(0, 0, 3, 0, 0, 1, 0) 1
x(0, 0, 3, 0, 1, 0, 0) 1
x(0, 0, 3, 1, 0, 0, 0) 1
x(0, 0, 3, 2, 0, 0, 0) 1
x(0, 0, 4, 0, 0, 0, 0) 1
x(0, 0, 4, 1, 0, 0, 0) 1
x(0, 0, 5, 0, 0, 0, 0) 1
x(0, 1, 0, 0, 0, 0, 0) 1
x(0, 1, 0, 0, 0, 0, 1) 1
x(0, 1, 0, 0, 0, 1, 0) 1
x(0, 1, 0, 0, 1, 0, 0) 1
x(0, 1, 0, 0, 1, 1, 0) 1
x(0, 1, 0, 0, 2, 0, 0) 1
x(0, 1, 0, 1, 0, 0, 0) 1
x(0, 1, 0, 1, 0, 1, 0) 1
x(0, 1, 0, 1, 1, 0, 0) 1
x(0, 1, 0, 2, 0, 0, 0) 1
x(0, 1, 0, 3, 0, 0, 0) 1
x(0, 1, 1, 0, 0, 0, 0) 1
x(0, 1, 1, 0, 0, 1, 0) 1
x(0, 1, 1, 0, 1, 0, 0) 1
x(0, 1, 1, 1, 0, 0, 0) 1
x(0, 1, 1, 1, 0, 1, 0) 1
x(0, 1, 1, 1, 1, 0, 0) 1
x(0, 1, 1, 2, 0, 0, 0) 1
x(0, 1, 2, 0, 0, 0, 0) 1
x(0, 1, 2, 0, 0, 1, 0) 1
x(0, 1, 2, 0, 1, 0, 0) 1
x(0, 1, 2, 1, 0, 0, 0) 1
x(0, 1, 2, 2, 0, 0, 0) 1
x(0, 1, 3, 0, 0, 0, 0) 1
x(0, 1, 3, 1, 0, 0, 0) 1
x(0, 1, 4, 0, 0, 0, 0) 1
x(0, 2, 0, 0, 0, 0, 0) 1
x(0, 2, 0, 0, 0, 1, 0) 1
x(0, 2, 0, 0, 1, 0, 0) 1
x(0, 2, 0, 1, 0, 0, 0) 1
x(0, 2, 0, 1, 0, 1, 0) 1
x(0, 2, 0, 1, 1, 0, 0) 1
x(0, 2, 0, 2, 0, 0, 0) 1
x(0, 2, 1, 0, 0, 0, 0) 1
x(0, 2, 1, 0, 0, 1, 0) 1
x(0, 2, 1, 0, 1, 0, 0) 1
x(0, 2, 1, 1, 0, 0, 0) 1
x(0, 2, 1, 2, 0, 0, 0) 1
x(0, 2, 2, 0, 0, 0, 0) 1
x(0, 2, 2, 1, 0, 0, 0) 1
x(0, 2, 3, 0, 0, 0, 0) 1
x(0, 3, 0, 0, 0, 0, 0) 1
x(0, 3, 0, 0, 0, 1, 0) 1
x(0, 3, 0, 0, 1, 0, 0) 1
x(0, 3, 0, 1, 0, 0, 0) 1
x(0, 3, 0, 2, 0, 0, 0) 1
x(0, 3, 1, 0, 0, 0, 0) 1
x(0, 3, 1, 1, 0, 0, 0) 1
x(0, 3, 2, 0, 0, 0, 0) 1
x(0, 4, 0, 0, 0, 0, 0) 1
x(0, 4, 0, 1, 0, 0, 0) 1
x(0, 4, 1, 0, 0, 0, 0) 1
x(0, 5, 0, 0, 0, 0, 0) 1
x(0, 6, 0, 0, 0, 0, 0) 1
x(1, 0, 0, 0, 0, 0, 0) 1
x(1, 0, 0, 0, 0, 0, 1) 1
x(1, 0, 0, 0, 0, 1, 0) 1
x(1, 0, 0, 0, 0, 2, 0) 1
x(1, 0, 0, 0, 1, 0, 0) 1
x(1, 0, 0, 0, 1, 1, 0) 1
x(1, 0, 0, 0, 2, 0, 0) 1
x(1, 0, 0, 1, 0, 0, 0) 1
x(1, 0, 0, 1, 0, 1, 0) 1
x(1, 0, 0, 1, 1, 0, 0) 1
x(1, 0, 0, 2, 0, 0, 0) 1
x(1, 0, 0, 3, 0, 0, 0) 1
x(1, 0, 1, 0, 0, 0, 0) 1
x(1, 0, 1, 0, 0, 0, 1) 1
x(1, 0, 1, 0, 0, 1, 0) 1
x(1, 0, 1, 0, 1, 0, 0) 1
x(1, 0, 1, 1, 0, 0, 0) 1
x(1, 0, 1, 1, 0, 1, 0) 1
x(1, 0, 1, 1, 1, 0, 0) 1
x(1, 0, 1, 2, 0, 0, 0) 1
x(1, 0, 1, 3, 0, 0, 0) 1
x(1, 0, 2, 0, 0, 0, 0) 1
x(1, 0, 2, 0, 0, 1, 0) 1
x(1, 0, 2, 0, 1, 0, 0) 1
x(1, 0, 2, 1, 0, 0, 0) 1
x(1, 0, 2, 2, 0, 0, 0) 1
x(1, 0, 3, 0, 0, 0, 0) 1
x(1, 0, 3, 1, 0, 0, 0) 1
x(1, 0, 4, 0, 0, 0, 0) 1
x(1, 0, 5, 0, 0, 0, 0) 1
x(1, 1, 0, 0, 0, 0, 0) 1
x(1, 1, 0, 0, 0, 0, 1) 1
x(1, 1, 0, 0, 0, 1, 0) 1
x(1, 1, 0, 0, 1, 0, 0) 1
x(1, 1, 0, 1, 0, 0, 0) 1
x(1, 1, 0, 1, 0, 1, 0) 1
x(1, 1, 0, 1, 1, 0, 0) 1
x(1, 1, 0, 2, 0, 0, 0) 1
x(1, 1, 0, 3, 0, 0, 0) 1
x(1, 1, 1, 0, 0, 0, 0) 1
x(1, 1, 1, 0, 0, 1, 0) 1
x(1, 1, 1, 0, 1, 0, 0) 1
x(1, 1, 1, 1, 0, 0, 0) 1
x(1, 1, 1, 2, 0, 0, 0) 1
x(1, 1, 2, 0, 0, 0, 0) 1
x(1, 1, 2, 1, 0, 0, 0) 1
x(1, 1, 3, 0, 0, 0, 0) 1
x(1, 1, 4, 0, 0, 0, 0) 1
x(1, 2, 0, 0, 0, 0, 0) 1
x(1, 2, 0, 0, 0, 1, 0) 1
x(1, 2, 0, 0, 1, 0, 0) 1
x(1, 2, 0, 1, 0, 0, 0) 1
x(1, 2, 0, 2, 0, 0, 0) 1
x(1, 2, 1, 0, 0, 0, 0) 1
x(1, 2, 1, 1, 0, 0, 0) 1
x(1, 2, 2, 0, 0, 0, 0) 1
x(1, 2, 3, 0, 0, 0, 0) 1
x(1, 3, 0, 0, 0, 0, 0) 1
x(1, 3, 0, 1, 0, 0, 0) 1
x(1, 3, 1, 0, 0, 0, 0) 1
x(1, 3, 2, 0, 0, 0, 0) 1
x(1, 4, 0, 0, 0, 0, 0) 1
x(1, 4, 1, 0, 0, 0, 0) 1
x(1, 5, 0, 0, 0, 0, 0) 1
x(2, 0, 0, 0, 0, 0, 0) 1
x(2, 0, 0, 0, 0, 0, 1) 1
x(2, 0, 0, 0, 0, 1, 0) 1
x(2, 0, 0, 0, 1, 0, 0) 1
x(2, 0, 0, 1, 0, 0, 0) 1
x(2, 0, 0, 1, 0, 1, 0) 1
x(2, 0, 0, 1, 1, 0, 0) 1
x(2, 0, 0, 2, 0, 0, 0) 1
x(2, 0, 0, 3, 0, 0, 0) 1
x(2, 0, 1, 0, 0, 0, 0) 1
x(2, 0, 1, 0, 0, 1, 0) 1
x(2, 0, 1, 0, 1, 0, 0) 1
x(2, 0, 1, 1, 0, 0, 0) 1
x(2, 0, 1, 2, 0, 0, 0) 1
x(2, 0, 2, 0, 0, 0, 0) 1
x(2, 0, 2, 1, 0, 0, 0) 1
x(2, 0, 3, 0, 0, 0, 0) 1
x(2, 0, 4, 0, 0, 0, 0) 1
x(2, 1, 0, 0, 0, 0, 0) 1
x(2, 1, 0, 0, 0, 1, 0) 1
x(2, 1, 0, 0, 1, 0, 0) 1
x(2, 1, 0, 1, 0, 0, 0) 1
x(2, 1, 0, 2, 0, 0, 0) 1
x(2, 1, 1, 0, 0, 0, 0) 1
x(2, 1, 1, 1, 0, 0, 0) 1
x(2, 1, 2, 0, 0, 0, 0) 1
x(2, 1, 3, 0, 0, 0, 0) 1
x(2, 2, 0, 0, 0, 0, 0) 1
x(2, 2, 0, 1, 0, 0, 0) 1
x(2, 2, 1, 0, 0, 0, 0) 1
x(2, 2, 2, 0, 0, 0, 0) 1
x(2, 3, 0, 0, 0, 0, 0) 1
x(2, 3, 1, 0, 0, 0, 0) 1
x(2, 4, 0, 0, 0, 0, 0) 1
x(3, 0, 0, 0, 0, 0, 0) 1
x(3, 0, 0, 0, 0, 1, 0) 1
x(3, 0, 0, 0, 1, 0, 0) 1
x(3, 0, 0, 1, 0, 0, 0) 1
x(3, 0, 0, 2, 0, 0, 0) 1
x(3, 0, 1, 0, 0, 0, 0) 1
x(3, 0, 1, 1, 0, 0, 0) 1
x(3, 0, 2, 0, 0, 0, 0) 1
x(3, 0, 3, 0, 0, 0, 0) 1
x(3, 1, 0, 0, 0, 0, 0) 1
x(3, 1, 0, 1, 0, 0, 0) 1
x(3, 1, 1, 0, 0, 0, 0) 1
x(3, 1, 2, 0, 0, 0, 0) 1
x(3, 2, 0, 0, 0, 0, 0) 1
x(3, 2, 1, 0, 0, 0, 0) 1
x(3, 3, 0, 0, 0, 0, 0) 1
x(4, 0, 0, 0, 0, 0, 0) 1
x(4, 0, 0, 1, 0, 0, 0) 1
x(4, 0, 1, 0, 0, 0, 0) 1
x(4, 0, 2, 0, 0, 0, 0) 1
x(4, 1, 0, 0, 0, 0, 0) 1
x(4, 1, 0, 1, 0, 0, 0) 1
x(4, 1, 1, 0, 0, 0, 0) 1
x(4, 2, 0, 0, 0, 0, 0) 1
x(5, 0, 0, 0, 0, 0, 0) 1
x(5, 0, 0, 1, 0, 0, 0) 1
x(5, 0, 1, 0, 0, 0, 0) 1
x(5, 1, 0, 0, 0, 0, 0) 1
x(6, 0, 0, 0, 0, 0, 0) 1
s[0] 0.152777
s[1] 0.166667
s[2] 0.166677
s[3] 0.222226
s[4] 0.402782
s[5] 0.416672
s[6] 0.680546
y(0, 0, 1, 0, 1, 1, 0) 0.99999
y(0, 0, 1, 0, 2, 0, 0) 0.50001
y(0, 1, 0, 0, 1, 1, 0) 0.99999
y(0, 6, 0, 0, 0, 0, 0) 0.669996
y(1, 0, 1, 0, 0, 0, 1) 0.99999
y(1, 0, 1, 3, 0, 0, 0) 0.99999
y(1, 0, 5, 0, 0, 0, 0) 0.700004
y(1, 1, 0, 3, 0, 0, 0) 0.44001
y(4, 1, 0, 1, 0, 0, 0) 0.540014
y(5, 0, 0, 1, 0, 0, 0) 0.139986
Obj: 0