n0 5
n1 4
n2 4
n3 3
n4 2
n5 2
n6 1
x(0, 0, 0, 0, 0, 0, 0) 1
x(0, 0, 0, 0, 0, 0, 1) 1
x(0, 0, 0, 0, 0, 1, 0) 1
x(0, 0, 0, 0, 0, 1, 1) 1
x(0, 0, 0, 0, 0, 2, 0) 1
x(0, 0, 0, 0, 1, 0, 0) 1
x(0, 0, 0, 0, 1, 0, 1) 1
x(0, 0, 0, 0, 1, 1, 0) 1
x(0, 0, 0, 0, 2, 0, 0) 1
x(0, 0, 0, 1, 0, 0, 0) 1
x(0, 0, 0, 1, 0, 0, 1) 1
x(0, 0, 0, 1, 0, 1, 0) 1
x(0, 0, 0, 1, 1, 0, 0) 1
x(0, 0, 0, 1, 2, 0, 0) 1
x(0, 0, 0, 2, 0, 0, 0) 1
x(0, 0, 0, 2, 1, 0, 0) 1
x(0, 0, 0, 3, 0, 0, 0) 1
x(0, 0, 1, 0, 0, 0, 0) 1
x(0, 0, 1, 0, 0, 0, 1) 1
x(0, 0, 1, 0, 0, 1, 0) 1
x(0, 0, 1, 0, 0, 2, 0) 1
x(0, 0, 1, 0, 1, 0, 0) 1
x(0, 0, 1, 0, 1, 1, 0) 1
x(0, 0, 1, 0, 2, 0, 0) 1
x(0, 0, 1, 1, 0, 0, 0) 1
x(0, 0, 1, 1, 0, 1, 0) 1
x(0, 0, 1, 1, 1, 0, 0) 1
x(0, 0, 1, 2, 0, 0, 0) 1
x(0, 0, 2, 0, 0, 0, 0) 1
x(0, 0, 2, 0, 0, 1, 0) 1
x(0, 0, 2, 0, 1, 0, 0) 1
x(0, 0, 2, 1, 0, 0, 0) 1
x(0, 0, 3, 0, 0, 0, 0) 1
x(0, 1, 0, 0, 0, 0, 0) 1
x(0, 1, 0, 0, 0, 0, 1) 1
x(0, 1, 0, 0, 0, 1, 0) 1
x(0, 1, 0, 0, 0, 2, 0) 1
x(0, 1, 0, 0, 1, 0, 0) 1
x(0, 1, 0, 0, 1, 1, 0) 1
x(0, 1, 0, 0, 2, 0, 0) 1
x(0, 1, 0, 1, 0, 0, 0) 1
x(0, 1, 0, 1, 0, 1, 0) 1
x(0, 1, 0, 1, 1, 0, 0) 1
x(0, 1, 0, 2, 0, 0, 0) 1
x(0, 1, 1, 0, 0, 0, 0) 1
x(0, 1, 1, 0, 0, 1, 0) 1
x(0, 1, 1, 0, 1, 0, 0) 1
x(0, 1, 1, 1, 0, 0, 0) 1
x(0, 1, 2, 0, 0, 0, 0) 1
x(0, 2, 0, 0, 0, 0, 0) 1
x(0, 2, 0, 0, 0, 0, 1) 1
x(0, 2, 0, 0, 0, 1, 0) 1
x(0, 2, 0, 0, 1, 0, 0) 1
x(0, 2, 0, 1, 0, 0, 0) 1
x(0, 2, 1, 0, 0, 0, 0) 1
x(0, 3, 0, 0, 0, 0, 0) 1
x(0, 3, 1, 0, 0, 0, 0) 1
x(0, 4, 0, 0, 0, 0, 0) 1
x(1, 0, 0, 0, 0, 0, 0) 1
x(1, 0, 0, 0, 0, 0, 1) 1
x(1, 0, 0, 0, 0, 1, 0) 1
x(1, 0, 0, 0, 0, 2, 0) 1
x(1, 0, 0, 0, 1, 0, 0) 1
x(1, 0, 0, 0, 1, 1, 0) 1
x(1, 0, 0, 0, 2, 0, 0) 1
x(1, 0, 0, 1, 0, 0, 0) 1
x(1, 0, 0, 1, 0, 1, 0) 1
x(1, 0, 0, 1, 1, 0, 0) 1
x(1, 0, 0, 2, 0, 0, 0) 1
x(1, 0, 1, 0, 0, 0, 0) 1
x(1, 0, 1, 0, 0, 0, 1) 1
x(1, 0, 1, 0, 0, 1, 0) 1
x(1, 0, 1, 0, 1, 0, 0) 1
x(1, 0, 1, 1, 0, 0, 0) 1
x(1, 0, 2, 0, 0, 0, 0) 1
x(1, 1, 0, 0, 0, 0, 0) 1
x(1, 1, 0, 0, 0, 0, 1) 1
x(1, 1, 0, 0, 0, 1, 0) 1
x(1, 1, 0, 0, 1, 0, 0) 1
x(1, 1, 0, 1, 0, 0, 0) 1
x(1, 1, 1, 0, 0, 0, 0) 1
x(1, 1, 2, 0, 0, 0, 0) 1
x(1, 2, 0, 0, 0, 0, 0) 1
x(1, 2, 1, 0, 0, 0, 0) 1
x(1, 3, 0, 0, 0, 0, 0) 1
x(2, 0, 0, 0, 0, 0, 0) 1
x(2, 0, 0, 0, 0, 0, 1) 1
x(2, 0, 0, 0, 0, 1, 0) 1
x(2, 0, 0, 0, 1, 0, 0) 1
x(2, 0, 0, 1, 0, 0, 0) 1
x(2, 0, 1, 0, 0, 0, 0) 1
x(2, 0, 2, 0, 0, 0, 0) 1
x(2, 1, 0, 0, 0, 0, 0) 1
x(2, 1, 0, 0, 1, 0, 0) 1
x(2, 1, 0, 1, 0, 0, 0) 1
x(2, 1, 1, 0, 0, 0, 0) 1
x(2, 2, 0, 0, 0, 0, 0) 1
x(3, 0, 0, 0, 0, 0, 0) 1
x(3, 0, 0, 0, 0, 1, 0) 1
x(3, 0, 0, 0, 1, 0, 0) 1
x(3, 0, 0, 1, 0, 0, 0) 1
x(3, 0, 1, 0, 0, 0, 0) 1
x(3, 1, 0, 0, 0, 0, 0) 1
x(4, 0, 0, 0, 0, 0, 0) 1
x(5, 0, 0, 0, 0, 0, 0) 1
s[0] 0.2
s[1] 0.233352
s[2] 0.266683
s[3] 0.333327
s[4] 0.333337
s[5] 0.366658
s[6] 0.533297
y(0, 0, 0, 1, 2, 0, 0) 0.500005
y(0, 0, 0, 2, 1, 0, 0) 0.99999
y(0, 0, 0, 3, 0, 0, 0) 0.166672
y(0, 0, 1, 0, 0, 2, 0) 0.99999
y(0, 2, 0, 0, 0, 0, 1) 0.0666867
y(0, 3, 1, 0, 0, 0, 0) 0.99999
y(0, 4, 0, 0, 0, 0, 0) 0.0833233
y(1, 0, 1, 0, 0, 0, 1) 0.933313
y(1, 1, 2, 0, 0, 0, 0) 0.533353
y(5, 0, 0, 0, 0, 0, 0) 0.706667
Obj: 0