n0 6
n1 4
n2 3
n3 2
n4 1
n5 1
n6 1
x(0, 0, 0, 0, 0, 0, 0) 1
x(0, 0, 0, 0, 0, 0, 1) 1
x(0, 0, 0, 0, 0, 1, 0) 1
x(0, 0, 0, 0, 1, 0, 0) 1
x(0, 0, 0, 1, 0, 0, 0) 1
x(0, 0, 0, 1, 0, 0, 1) 1
x(0, 0, 0, 1, 0, 1, 0) 1
x(0, 0, 0, 1, 1, 0, 0) 1
x(0, 0, 0, 2, 0, 0, 0) 1
x(0, 0, 1, 0, 0, 0, 0) 1
x(0, 0, 1, 0, 0, 0, 1) 1
x(0, 0, 1, 0, 0, 1, 0) 1
x(0, 0, 1, 0, 1, 0, 0) 1
x(0, 0, 1, 1, 0, 0, 0) 1
x(0, 0, 1, 2, 0, 0, 0) 1
x(0, 0, 2, 0, 0, 0, 0) 1
x(0, 0, 2, 1, 0, 0, 0) 1
x(0, 0, 3, 0, 0, 0, 0) 1
x(0, 1, 0, 0, 0, 0, 0) 1
x(0, 1, 0, 0, 0, 0, 1) 1
x(0, 1, 0, 0, 0, 1, 0) 1
x(0, 1, 0, 0, 1, 0, 0) 1
x(0, 1, 0, 1, 0, 0, 0) 1
x(0, 1, 0, 2, 0, 0, 0) 1
x(0, 1, 1, 0, 0, 0, 0) 1
x(0, 1, 1, 1, 0, 0, 0) 1
x(0, 1, 2, 0, 0, 0, 0) 1
x(0, 2, 0, 0, 0, 0, 0) 1
x(0, 2, 0, 0, 0, 1, 0) 1
x(0, 2, 0, 0, 1, 0, 0) 1
x(0, 2, 0, 1, 0, 0, 0) 1
x(0, 2, 1, 0, 0, 0, 0) 1
x(0, 3, 0, 0, 0, 0, 0) 1
x(0, 3, 1, 0, 0, 0, 0) 1
x(0, 4, 0, 0, 0, 0, 0) 1
x(1, 0, 0, 0, 0, 0, 0) 1
x(1, 0, 0, 0, 0, 0, 1) 1
x(1, 0, 0, 0, 0, 1, 0) 1
x(1, 0, 0, 0, 1, 0, 0) 1
x(1, 0, 0, 1, 0, 0, 0) 1
x(1, 0, 0, 1, 1, 0, 0) 1
x(1, 0, 0, 2, 0, 0, 0) 1
x(1, 0, 1, 0, 0, 0, 0) 1
x(1, 0, 1, 0, 0, 0, 1) 1
x(1, 0, 1, 0, 0, 1, 0) 1
x(1, 0, 1, 0, 1, 0, 0) 1
x(1, 0, 1, 1, 0, 0, 0) 1
x(1, 0, 2, 0, 0, 0, 0) 1
x(1, 0, 3, 0, 0, 0, 0) 1
x(1, 1, 0, 0, 0, 0, 0) 1
x(1, 1, 0, 0, 0, 0, 1) 1
x(1, 1, 0, 0, 0, 1, 0) 1
x(1, 1, 0, 0, 1, 0, 0) 1
x(1, 1, 0, 1, 0, 0, 0) 1
x(1, 1, 1, 0, 0, 0, 0) 1
x(1, 1, 2, 0, 0, 0, 0) 1
x(1, 2, 0, 0, 0, 0, 0) 1
x(1, 2, 0, 1, 0, 0, 0) 1
x(1, 2, 1, 0, 0, 0, 0) 1
x(1, 3, 0, 0, 0, 0, 0) 1
x(2, 0, 0, 0, 0, 0, 0) 1
x(2, 0, 0, 0, 0, 0, 1) 1
x(2, 0, 0, 0, 0, 1, 0) 1
x(2, 0, 0, 0, 1, 0, 0) 1
x(2, 0, 0, 1, 0, 0, 0) 1
x(2, 0, 0, 2, 0, 0, 0) 1
x(2, 0, 1, 0, 0, 0, 0) 1
x(2, 0, 1, 1, 0, 0, 0) 1
x(2, 0, 2, 0, 0, 0, 0) 1
x(2, 1, 0, 0, 0, 0, 0) 1
x(2, 1, 0, 1, 0, 0, 0) 1
x(2, 1, 1, 0, 0, 0, 0) 1
x(2, 2, 0, 0, 0, 0, 0) 1
x(2, 3, 0, 0, 0, 0, 0) 1
x(3, 0, 0, 0, 0, 0, 0) 1
x(3, 0, 0, 0, 1, 0, 0) 1
x(3, 0, 0, 1, 0, 0, 0) 1
x(3, 0, 1, 0, 0, 0, 0) 1
x(3, 1, 0, 0, 0, 0, 0) 1
x(3, 1, 1, 0, 0, 0, 0) 1
x(3, 2, 0, 0, 0, 0, 0) 1
x(4, 0, 0, 0, 0, 0, 0) 1
x(4, 0, 0, 1, 0, 0, 0) 1
x(4, 0, 1, 0, 0, 0, 0) 1
x(4, 1, 0, 0, 0, 0, 0) 1
x(5, 0, 0, 0, 0, 0, 0) 1
x(5, 1, 0, 0, 0, 0, 0) 0.999996
x(6, 0, 0, 0, 0, 0, 0) 1
s[0] 0.153848
s[1] 0.230768
s[2] 0.282051
s[3] 0.333343
s[4] 0.512808
s[5] 0.538465
s[6] 0.564101
y(0, 2, 0, 0, 0, 1, 0) 0.99999
y(0, 3, 1, 0, 0, 0, 0) 0.109955
y(1, 0, 0, 1, 1, 0, 0) 0.99999
y(1, 0, 1, 0, 0, 0, 1) 0.99999
y(1, 0, 3, 0, 0, 0, 0) 0.630015
y(2, 0, 0, 2, 0, 0, 0) 0.500005
y(2, 3, 0, 0, 0, 0, 0) 0.46005
y(5, 1, 0, 0, 0, 0, 0) 0.289975
Obj: 0